30
590.0 300.0
21 22 26 28 
583.6628042128036 360.2943903371502
6 8 9 10 12 21 28 
564.9281827163543 417.95362649198205
4 5 10 19 
534.6149283687348 470.4577231648172
7 10 22 
494.0478758440689 515.5119993884443
2 9 15 16 23 
445.0 551.1473670974872
2 9 10 11 14 15 20 23 
389.61492836873475 575.8063897255945
1 11 26 
330.3132543476195 588.4113496567993
3 11 19 27 28 
269.68674565238047 588.4113496567993
1 16 18 21 22 
210.3850716312652 575.8063897255945
1 4 5 14 
154.99999999999994 551.1473670974872
1 2 3 5 23 25 
105.9521241559311 515.5119993884443
5 6 7 16 17 20 21 23 28 
65.38507163126528 470.45772316481725
1 15 17 22 23 25 27 
35.07181728364577 417.9536264919821
16 18 19 20 26 
16.33719578719638 360.29439033715033
5 9 16 17 21 
10.0 300.00000000000017
4 5 12 20 21 23 26 28 
16.337195787196322 239.70560966285
4 8 11 13 14 27 
35.07181728364566 182.04637350801818
11 12 14 19 21 23 28 
65.38507163126508 129.54227683518306
8 13 22 23 24 25 27 28 29 
105.95212415593085 84.48800061155592
2 7 13 17 27 
154.99999999999966 48.852632902512994
5 11 13 15 25 
210.38507163126496 24.193610274405557
0 1 8 11 14 15 17 27 28 
269.6867456523803 11.588650343200754
0 3 8 12 18 23 
330.31325434761936 11.588650343200698   
4 5 10 11 12 15 17 18 22 29 
389.6149283687347 24.193610274405444
18 
445.0 48.852632902512795
10 12 18 20 
494.0478758440689 84.48800061155572
0 6 13 15 
534.6149283687348 129.54227683518295
7 12 16 18 19 21 
564.9281827163544 182.04637350801818
0 1 7 11 15 17 18 21 
583.6628042128037 239.70560966285015
18 23 
