40
590.0 300.0
1 3 5 6 12 13 16 18 19 21 26 28 34 39 
586.42961877259 345.36599486166693
0 4 5 10 11 16 20 22 25 27 29 38 
575.8063897255945 389.61492836873475
5 8 14 15 16 18 21 25 26 30 35 
558.3918920146267 431.65724492446856
0 6 7 12 18 23 26 30 39 
534.6149283687348 470.4577231648172
1 8 11 12 14 16 17 18 21 24 34 
505.0609665440988 505.06096654409873
0 1 2 7 8 10 11 13 14 15 19 27 32 34 38 
470.4577231648172 534.6149283687348
0 3 9 15 17 19 21 31 38 39 
431.6572449244686 558.3918920146266
3 5 9 10 35 38 
389.61492836873475 575.8063897255945
2 4 5 17 20 21 25 27 32 37 39 
345.365994861667 586.42961877259
6 7 11 12 30 36 39 
300.0 590.0
1 5 7 11 19 20 29 30 33 38 
254.63400513833307 586.42961877259
1 4 5 9 10 16 25 33 
210.38507163126528 575.8063897255945
0 3 4 9 20 32 33 36 37 38 
168.34275507553144 558.3918920146267
0 5 20 21 25 26 33 34 35 37 
129.54227683518283 534.6149283687348
2 4 5 19 23 26 29 
94.93903345590124 505.0609665440988
2 5 6 17 26 27 30 33 34 35 37 38 39 
65.38507163126528 470.45772316481725
0 1 2 4 11 17 18 19 22 25 26 30 32 
41.60810798537335 431.6572449244686
4 6 8 15 16 24 26 31 38 
24.1936102744055 389.6149283687348
0 2 3 4 16 25 29 30 31 36 39 
13.570381227410053 345.365994861667
0 5 6 10 14 16 20 23 34 39 
10.0 300.00000000000006
1 8 10 12 13 19 23 24 32 34 35 
13.570381227410053 254.6340051383331
0 2 4 6 8 13 22 23 25 27 
24.193610274405444 210.3850716312653
1 16 21 23 25 35 37 39 
41.608107985373294 168.34275507553147
3 14 19 20 21 22 25 38 
65.38507163126525 129.54227683518283
4 17 20 25 26 27 28 29 33 36 
94.93903345590118 94.93903345590124
1 2 8 11 13 16 18 21 22 23 24 38 39 
129.54227683518275 65.38507163126528
0 2 3 13 14 15 16 17 24 27 34 36 
168.3427550755314 41.60810798537335
1 5 8 15 21 24 26 28 35 
210.3850716312652 24.1936102744055
0 24 27 31 32 35 36 39 
254.634005138333 13.570381227410053
1 10 14 18 24 30 36 
299.99999999999994 10.0
2 3 9 10 15 16 18 29 34 35 39 
345.3659948616669 13.570381227410053
6 17 18 28 39 
389.6149283687347 24.193610274405444
5 8 12 16 20 28 33 
431.6572449244685 41.608107985373294
10 11 12 13 15 24 32 36 38 39 
470.45772316481714 65.38507163126522
0 4 5 13 15 19 20 26 30 35 37 
505.06096654409873 94.93903345590118
2 7 13 15 20 22 27 28 30 34 37 
534.6149283687347 129.54227683518272
9 12 18 24 26 28 29 33 39 
558.3918920146266 168.3427550755314
8 12 13 15 22 34 35 
575.8063897255945 210.3850716312652
1 5 6 7 10 12 15 17 23 25 33 
586.42961877259 254.63400513833298
0 3 6 8 9 15 18 19 22 25 28 30 31 33 36 
