41
590.0 300.0
2 4 6 10 12 13 14 15 16 20 22 23 24 27 28 29 31 34 36 39 40 
586.6013228963011 344.2682924234736
3 5 6 10 12 13 14 15 16 17 18 20 21 22 26 27 29 30 31 34 35 37 38 39 
576.4849536959298 387.4989735926058
0 3 7 11 12 13 15 20 24 26 27 28 31 34 36 37 39 
559.8880115187062 428.6787529814183
1 2 4 5 6 7 8 9 11 12 13 15 17 19 21 23 26 28 30 31 33 36 37 
537.1995146223481 466.8424114634
0 3 5 8 9 10 11 13 14 15 16 17 18 20 23 24 26 27 28 31 32 33 37 40 
508.9512621442282 501.0954252297501
1 3 4 7 8 9 11 13 14 17 18 19 20 23 24 25 27 29 31 33 34 35 36 39 
475.805369180325 530.6349326692937
0 1 3 8 12 17 21 22 23 24 26 34 38 
438.5387473685562 554.7685527641734
2 3 5 10 11 13 15 16 17 18 20 24 28 29 30 31 35 36 38 39 
398.0248947384658 572.9306139140729
3 4 5 6 9 11 12 13 16 18 19 21 22 25 26 28 30 32 33 35 37 39 
355.2134216577538 584.695412799088
3 4 5 8 10 11 12 14 15 16 18 20 21 23 27 30 33 34 35 36 39 
311.1077927701103 589.7871925047349
0 1 4 7 9 11 12 13 14 15 16 21 27 30 31 33 36 37 38 
266.74180663446396 588.0866060303058
2 3 4 5 7 8 9 10 16 17 18 19 21 22 24 26 27 29 30 34 35 37 40 
223.1553643629682 579.6335136814109
0 1 2 3 6 8 9 10 17 18 21 22 23 26 27 33 34 37 38 40 
181.37009522031155 564.6260487781996
0 1 2 3 4 5 7 8 10 14 16 17 18 22 23 26 30 31 32 33 34 35 36 37 40 
142.365410499646 543.4159735782656
0 1 4 5 9 10 13 16 17 20 23 24 26 27 29 31 34 35 36 38 
107.05554695198617 516.5004342674692
0 1 2 3 4 7 9 10 16 17 20 22 25 27 28 30 38 39 40 
76.26813785163671 484.51030827470254
0 1 4 7 8 9 10 11 13 14 15 17 19 20 22 23 26 27 29 30 31 32 33 34 37 38 39 40 
50.724813973711775 448.19541703966223
1 3 4 5 6 7 11 12 13 14 15 16 18 20 21 22 23 28 29 31 37 38 
31.024289180392657 408.4069508338232
1 4 5 7 8 9 11 12 13 17 20 22 24 26 29 34 35 36 38 39 
17.628327075444133 366.07751758191023
3 5 8 11 16 20 25 31 32 34 35 36 38 39 
10.850917656715296 322.19928332258405
0 1 2 4 5 7 9 14 15 16 17 18 19 24 27 28 31 32 33 34 36 38 40 
10.85091765671524 277.80071667741663
1 3 6 8 9 10 11 12 17 28 29 34 36 37 38 
17.628327075443963 233.9224824180905
0 1 6 8 11 12 13 15 16 17 18 23 26 28 29 31 33 39 40 
31.024289180392373 191.59304916617745
0 3 4 5 6 9 12 13 14 16 17 22 24 25 26 27 28 31 32 33 35 36 38 40 
50.724813973711434 151.8045829603384
0 2 4 5 6 7 11 14 18 20 23 29 35 37 38 40 
76.26813785163625 115.489691725298
5 8 15 19 23 28 31 32 34 37 38 
107.05554695198566 83.49956573253118
1 2 3 4 6 8 11 12 13 14 16 18 22 23 28 29 30 31 32 34 37 38 39 40 
142.36541049964552 56.584026421734734
0 1 2 4 5 9 10 11 12 14 15 16 20 23 37 38 
181.37009522031116 35.37395122180061
0 2 3 4 7 8 15 17 20 21 22 23 25 26 32 34 35 36 40 
223.15536436296787 20.366486318589182
0 1 5 7 11 14 16 17 18 21 22 24 26 30 31 35 37 
266.7418066344637 11.913393969694255
1 3 7 8 9 10 11 13 15 16 26 29 33 34 35 38 39 
311.1077927701102 10.21280749526511
0 1 2 3 4 5 7 10 13 14 16 17 19 20 22 23 25 26 29 35 36 37 40 
355.2134216577539 15.304587200912067
4 8 13 16 19 20 23 25 26 28 34 36 37 38 39 40 
398.02489473846595 27.069386085927192
3 4 5 8 9 10 12 13 16 20 22 23 30 34 35 36 37 38 40 
438.5387473685565 45.231447235826835
0 1 2 5 6 9 11 12 13 14 16 18 19 20 21 25 26 28 30 32 33 40 
475.80536918032533 69.36506733070658
1 5 7 8 9 11 13 14 18 19 23 24 28 29 30 31 33 37 40 
508.95126214422856 98.90457477025024
0 2 3 5 7 9 10 13 14 18 19 20 21 23 28 31 32 33 37 
537.1995146223485 133.15758853660049
1 2 3 4 8 10 11 12 13 16 17 21 24 25 26 27 29 31 32 33 35 36 40 
559.8880115187064 171.32124701858228
1 6 7 10 12 14 15 16 17 18 19 20 21 23 24 25 26 27 30 32 33 39 
576.48495369593 212.50102640739496
0 1 2 5 7 8 9 15 16 18 19 22 26 30 32 38 40 
586.6013228963012 255.73170757652724
0 4 11 12 13 15 16 20 22 23 24 26 28 31 32 33 34 35 37 39 
