25
590.0 300.0
3 5 9 10 12 15 17 
580.889116727303 372.1200672778079
5 7 15 16 18 
554.1289372127204 439.70856548949746
3 5 10 12 19 
511.4009019522093 498.51866071931977
0 2 7 8 15 19 
455.389770543909 544.8550983955844
8 11 19 22 
389.61492836873475 575.8063897255945
0 1 2 8 15 20 21 23 
318.20925066350094 589.4277512441988
22 
245.65941877013992 584.8633027113196
1 3 13 16 22 
176.52400544612902 562.3998452151457
3 4 5 12 16 17 18 
115.14704297288006 523.4488404049789
0 12 19 21 
65.38507163126533 470.45772316481737
0 2 13 16 20 23 
30.364819092407174 406.75612027855675
4 15 16 17 18 24 
12.286736618801456 336.34663773364844
0 2 8 9 13 22 23 
12.286736618801399 263.653362266352
7 10 12 18 22 
30.364819092407004 193.24387972144365
18 
65.38507163126508 129.54227683518306
0 1 3 5 11 
115.14704297287983 76.55115959502123
1 7 8 10 11 20 21 23 
176.52400544612885 37.600154784854396
0 8 11 19 23 
245.65941877013987 15.136697288680296
1 8 11 13 14 22 
318.209250663501 10.57224875580124
2 3 4 9 17 20 
389.6149283687349 24.193610274405557
5 10 16 19 24 
455.38977054390926 55.14490160441579
5 9 16 23 
511.4009019522096 101.4813392806806
4 6 7 12 13 18 24 
554.1289372127208 160.291434510503
5 10 12 16 17 21 
580.8891167273032 227.87993272219268
11 20 22 
