
For LF, the nodes are ordered
857 725 914 1619 1758 1765 31 141 475 546 1375 383 563 731 766 788 
948 1357 1978 51 400 451 573 665 1092 1158 1288 1360 1435 1512 1517 1520 
1656 1770 1813 39 126 282 435 447 450 618 709 786 887 927 971 986 
1186 1259 1293 1294 1314 1365 1387 1441 1477 1616 1782 1933 1958 99 163 196 
269 365 389 420 463 469 555 641 651 688 714 758 783 861 943 951 
1020 1054 1055 1060 1066 1096 1168 1211 1363 1451 1514 1571 1747 1831 1837 1952 
1991 1996 32 72 76 78 170 205 232 242 244 254 268 283 316 326 
333 346 406 413 495 503 566 575 606 608 653 728 743 791 799 819 
881 895 909 924 938 1046 1064 1075 1093 1095 1117 1136 1189 1198 1220 1264 
1275 1298 1346 1355 1389 1442 1468 1535 1554 1590 1627 1669 1764 1793 1830 1851 
1875 1922 1946 1970 1 26 34 36 85 86 93 112 124 201 260 336 
361 373 398 401 411 432 443 487 498 501 517 520 597 610 611 633 
679 724 727 764 769 823 839 849 852 859 882 888 907 932 949 972 
992 1003 1007 1009 1014 1021 1035 1037 1045 1049 1057 1088 1178 1181 1238 1255 
1256 1261 1279 1280 1289 1290 1308 1309 1318 1331 1348 1366 1392 1399 1405 1407 
1415 1443 1475 1489 1509 1539 1622 1661 1677 1699 1728 1738 1774 1790 1802 1808 
1814 1844 1860 1894 1901 1925 1937 1951 1972 1977 1990 30 40 64 65 80 
105 162 174 183 185 190 217 227 228 229 256 288 291 328 407 419 
439 452 466 480 482 511 524 541 578 583 596 601 609 616 697 704 
706 708 741 744 767 793 800 802 805 821 847 853 858 886 901 976 
990 1011 1042 1047 1071 1076 1081 1085 1089 1101 1122 1123 1169 1214 1225 1235 
1237 1281 1305 1377 1378 1385 1467 1472 1487 1490 1494 1501 1507 1536 1564 1579 
1580 1612 1618 1626 1645 1672 1685 1692 1704 1718 1725 1746 1749 1773 1781 1816 
1818 1825 1829 1861 1867 1892 1912 1924 1935 1974 1981 1988 4 33 109 149 
156 160 184 189 193 220 226 241 245 317 323 325 337 342 368 369 
371 392 393 402 404 428 474 528 529 532 545 556 581 605 619 635 
644 645 650 666 717 752 755 763 772 778 780 820 832 854 862 863 
875 879 883 890 900 903 931 937 945 981 985 989 1001 1005 1013 1018 
1053 1062 1068 1098 1112 1128 1153 1170 1192 1212 1224 1233 1249 1252 1263 1295 
1302 1353 1427 1428 1433 1438 1444 1445 1474 1511 1538 1540 1558 1562 1568 1577 
1589 1599 1610 1611 1621 1630 1636 1637 1643 1653 1671 1676 1680 1681 1686 1691 
1696 1697 1786 1804 1811 1839 1855 1858 1862 1863 1872 1909 1920 1931 1936 1971 
1975 1982 1984 1987 1989 5 21 25 37 42 56 62 91 96 110 115 
122 139 143 144 146 151 159 179 225 237 248 271 272 292 295 296 
304 313 329 332 344 390 456 468 484 491 502 504 508 518 522 525 
553 554 558 574 576 589 607 617 630 656 663 671 675 702 722 742 
749 759 792 794 880 910 913 919 921 933 958 1004 1008 1012 1016 1029 
1061 1079 1080 1118 1125 1131 1166 1172 1177 1191 1196 1203 1221 1222 1228 1230 
1248 1254 1258 1262 1268 1286 1299 1311 1335 1340 1342 1351 1369 1379 1384 1422 
1425 1437 1454 1470 1473 1481 1492 1502 1504 1528 1529 1543 1547 1565 1572 1587 
1628 1650 1675 1707 1710 1722 1735 1745 1753 1771 1783 1787 1799 1800 1823 1826 
1870 1888 1895 1897 1916 1926 1944 1950 1965 1998 20 24 55 92 100 117 
136 155 169 182 202 208 209 211 212 221 239 240 247 252 253 255 
259 263 264 285 287 307 310 311 312 335 339 358 364 377 381 384 
388 405 408 418 434 438 455 461 470 473 478 481 483 485 496 507 
521 527 531 542 543 551 571 572 584 591 614 642 682 684 695 696 
701 713 736 745 754 790 809 835 841 842 843 856 866 870 876 908 
916 923 925 935 942 950 966 979 997 1002 1026 1036 1040 1044 1058 1069 
1119 1120 1124 1149 1157 1163 1173 1175 1176 1179 1215 1223 1242 1269 1297 1301 
1304 1313 1356 1386 1391 1419 1434 1446 1447 1486 1495 1496 1500 1503 1508 1510 
1519 1527 1555 1557 1566 1593 1594 1606 1614 1620 1625 1632 1649 1667 1684 1693 
1701 1708 1714 1717 1727 1737 1743 1772 1776 1784 1789 1794 1796 1798 1803 1809 
1827 1838 1845 1847 1849 1859 1866 1868 1869 1883 1889 1903 1905 1913 1979 1993 
17 22 41 43 45 48 49 70 73 81 88 89 128 130 154 176 
177 178 186 191 197 200 224 235 236 238 250 257 258 277 290 300 
306 308 321 322 360 375 376 378 397 414 416 417 426 430 436 440 
446 471 489 493 505 514 515 536 544 547 550 564 577 588 602 603 
604 621 622 623 626 629 638 664 667 674 687 689 692 700 715 718 
726 739 740 753 761 762 765 768 771 773 796 808 811 812 813 814 
815 825 844 848 889 892 894 896 905 912 928 939 959 975 977 978 
996 1000 1028 1048 1063 1065 1067 1070 1082 1097 1100 1103 1106 1107 1108 1114 
1115 1126 1127 1130 1132 1143 1145 1151 1154 1171 1193 1195 1197 1208 1216 1229 
1231 1241 1247 1253 1267 1276 1296 1307 1312 1315 1323 1332 1337 1339 1352 1359 
1368 1373 1388 1397 1401 1406 1408 1436 1439 1440 1456 1462 1469 1482 1488 1498 
1505 1515 1516 1522 1530 1532 1533 1546 1553 1556 1560 1561 1567 1581 1596 1602 
1603 1608 1613 1617 1631 1651 1652 1662 1666 1679 1698 1702 1712 1724 1736 1739 
1741 1750 1761 1766 1768 1777 1778 1780 1788 1792 1821 1828 1834 1836 1856 1865 
1881 1890 1907 1917 1930 1963 1967 1985 1994 12 23 44 50 53 63 66 
67 69 74 75 90 98 101 104 106 119 121 131 132 135 168 173 
180 194 222 234 270 273 275 278 293 297 302 334 341 345 352 354 
357 359 385 409 422 423 427 457 460 464 467 476 488 500 510 533 
534 549 565 569 586 615 620 625 627 643 647 668 678 690 707 712 
721 723 729 735 746 782 795 798 810 817 830 834 836 851 855 865 
867 940 947 953 993 995 1056 1084 1087 1099 1139 1140 1142 1144 1147 1152 
1184 1188 1204 1217 1240 1244 1265 1285 1287 1291 1292 1316 1317 1325 1330 1338 
1341 1350 1361 1367 1374 1380 1390 1393 1417 1418 1420 1431 1453 1457 1459 1463 
1483 1497 1525 1541 1549 1569 1576 1582 1584 1605 1624 1634 1641 1644 1655 1657 
1659 1660 1663 1670 1694 1706 1711 1723 1730 1733 1742 1756 1762 1767 1791 1815 
1817 1833 1853 1887 1902 1904 1910 1911 1914 1934 1939 1953 1960 1986 1995 2 
9 10 35 38 47 59 71 77 79 84 87 97 102 103 113 125 
152 153 165 167 192 199 213 219 223 230 246 262 267 276 279 281 
289 299 305 309 319 324 353 366 370 372 379 380 391 421 424 425 
429 437 444 453 458 462 494 497 512 526 552 561 580 594 613 631 
646 649 654 661 672 673 680 719 720 732 751 770 776 781 787 797 
804 822 826 833 845 864 872 873 877 884 885 897 899 922 926 929 
934 952 964 965 967 970 987 994 1006 1019 1027 1034 1039 1051 1072 1073 
1074 1109 1121 1133 1138 1156 1159 1199 1210 1226 1245 1274 1306 1310 1322 1324 
1327 1329 1334 1343 1347 1349 1358 1370 1371 1376 1381 1383 1395 1396 1398 1402 
1414 1421 1429 1460 1464 1465 1466 1471 1476 1478 1484 1493 1499 1523 1570 1575 
1588 1597 1601 1607 1638 1642 1658 1664 1713 1716 1721 1732 1734 1751 1757 1763 
1775 1806 1807 1820 1822 1835 1857 1864 1874 1877 1893 1908 1919 1929 1941 1947 
1969 1973 13 27 29 52 82 118 127 133 134 138 140 142 164 188 
249 265 280 284 301 318 320 343 348 349 351 363 386 395 441 442 
445 449 459 465 472 477 509 513 530 570 590 593 595 599 652 655 
658 660 676 683 686 703 730 733 738 747 784 806 840 871 874 906 
915 917 944 955 980 1015 1024 1043 1050 1052 1059 1077 1105 1110 1141 1148 
1160 1164 1180 1183 1190 1200 1201 1206 1209 1232 1236 1257 1271 1272 1300 1336 
1394 1403 1404 1410 1412 1450 1479 1480 1506 1513 1521 1526 1542 1545 1578 1583 
1591 1604 1633 1673 1674 1683 1689 1729 1748 1759 1779 1795 1797 1801 1805 1824 
1843 1852 1871 1873 1880 1906 1923 1938 1945 1949 1955 1959 1962 1976 1980 1992 
1997 0 16 18 46 57 58 60 95 108 129 137 157 161 166 171 
187 206 214 231 233 266 274 298 327 338 382 394 396 399 403 415 
431 454 479 490 499 506 516 519 557 559 562 567 585 587 624 632 
637 640 659 662 681 705 710 750 760 774 779 807 816 818 829 846 
850 860 869 946 954 956 957 968 969 974 982 988 1030 1033 1038 1113 
1134 1135 1161 1162 1207 1234 1246 1260 1266 1270 1278 1283 1319 1320 1362 1400 
1424 1430 1461 1485 1491 1524 1531 1559 1563 1573 1574 1623 1646 1647 1648 1654 
1668 1703 1705 1740 1744 1819 1840 1846 1850 1879 1884 1886 1915 1932 1943 1954 
3 8 11 14 68 83 94 120 150 175 181 198 210 216 251 294 
314 331 340 347 356 387 410 523 535 568 582 598 600 628 636 648 
670 677 691 693 698 699 716 756 777 831 878 891 893 902 911 930 
941 960 973 983 991 1010 1017 1023 1031 1041 1078 1086 1102 1104 1116 1129 
1137 1165 1187 1194 1202 1205 1227 1239 1243 1250 1251 1273 1277 1282 1284 1303 
1344 1409 1423 1455 1518 1537 1586 1592 1595 1609 1615 1639 1687 1700 1709 1715 
1754 1785 1810 1812 1841 1885 1921 1940 1942 1964 1968 1983 1999 6 7 15 
28 54 114 123 147 158 195 203 218 261 286 303 315 330 350 362 
374 412 433 448 537 548 560 579 639 657 669 694 734 737 757 785 
828 838 868 904 920 961 963 984 1032 1083 1090 1091 1094 1111 1146 1150 
1174 1219 1328 1333 1345 1354 1364 1372 1382 1411 1413 1448 1449 1458 1534 1544 
1550 1552 1600 1635 1640 1678 1690 1752 1755 1760 1769 1832 1842 1848 1876 1878 
1882 1898 1928 1957 61 107 116 145 172 204 367 492 538 539 540 592 
775 789 803 827 837 936 962 1022 1025 1182 1213 1416 1432 1548 1551 1598 
1719 1726 1731 1891 1896 1900 1918 1927 1956 1966 19 111 207 215 243 355 
612 634 685 748 824 998 1218 1321 1326 1426 1585 1629 1688 1854 1948 148 
486 711 918 1155 1185 1452 1665 1720 898 999 1682 1695 1899 801 1167 1961 


LF used 9 colors.

Nodes were colored as follows.
Color 0: 4 17 31 32 51 74 90 93 104 106 126 136 141 147 155 160 163 168 172 196
     198 216 219 225 227 228 229 243 260 262 269 270 282 288 291 300 303 313 314 322
     324 325 334 339 346 361 362 363 365 366 376 380 389 392 400 404 414 420 422 435
     450 451 462 475 483 496 498 500 503 504 512 520 522 523 527 530 538 545 546 551
     553 561 563 572 601 606 622 623 624 631 648 651 669 677 680 683 688 708 709 716
     724 725 727 729 743 749 752 761 766 767 779 783 786 788 789 790 796 800 819 822
     827 833 850 852 857 875 877 886 889 891 895 898 906 907 914 927 928 932 943 946
     948 951 957 983 995 1001 1002 1012 1013 1022 1025 1030 1038 1039 1042 1046 1047 1049 1055 1056
     1060 1064 1066 1080 1085 1092 1094 1095 1096 1136 1147 1148 1151 1154 1157 1158 1161 1162 1168 1172
     1186 1193 1202 1211 1217 1225 1230 1234 1235 1247 1256 1268 1275 1279 1280 1288 1293 1298 1299 1314
     1317 1325 1331 1350 1357 1358 1363 1366 1368 1370 1375 1377 1379 1387 1394 1407 1409 1419 1425 1426
     1428 1431 1435 1440 1442 1446 1450 1463 1466 1469 1485 1487 1489 1491 1501 1517 1527 1529 1536 1538
     1554 1556 1562 1575 1583 1585 1589 1590 1611 1616 1619 1634 1656 1671 1682 1688 1747 1758 1765 1767
     1769 1771 1772 1782 1785 1788 1799 1802 1813 1814 1817 1821 1827 1830 1833 1837 1842 1845 1852 1858
     1888 1901 1902 1909 1916 1919 1922 1935 1936 1940 1943 1957 1959 1961 1974 1978 1984 1986 1990 1991
     1993 1996 
Color 1: 0 5 23 24 26 37 39 45 47 50 57 66 72 80 83 84 86 89 97 99
     100 107 110 111 114 127 130 138 146 148 185 200 221 231 232 239 240 242 246 249
     250 254 256 273 287 299 305 307 310 316 319 326 328 333 341 345 348 357 359 373
     374 375 378 379 383 394 398 401 406 408 434 443 444 447 452 463 468 469 474 480
     481 485 490 491 495 501 505 506 510 511 514 516 519 531 532 539 554 555 565 567
     568 573 574 581 590 596 608 611 615 618 635 639 641 652 665 676 678 690 714 715
     718 721 723 731 733 758 765 768 775 782 792 799 805 814 817 818 820 823 837 838
     840 849 861 867 880 884 887 901 909 910 913 915 924 930 937 958 963 971 972 976
     981 986 990 997 1000 1004 1009 1016 1020 1045 1057 1061 1069 1073 1081 1089 1093 1103 1105 1112
     1113 1114 1115 1122 1132 1134 1150 1152 1170 1184 1185 1210 1212 1218 1219 1220 1228 1233 1238 1246
     1250 1259 1264 1265 1273 1281 1286 1290 1294 1301 1302 1308 1309 1322 1326 1334 1342 1354 1356 1360
     1365 1367 1373 1389 1399 1410 1415 1421 1429 1430 1441 1448 1449 1451 1452 1458 1477 1492 1493 1509
     1512 1518 1524 1525 1528 1534 1535 1552 1567 1571 1578 1580 1584 1592 1601 1612 1618 1633 1636 1638
     1646 1647 1660 1665 1667 1669 1677 1686 1689 1692 1695 1697 1699 1700 1702 1707 1720 1724 1725 1728
     1736 1746 1764 1770 1780 1793 1795 1800 1808 1818 1831 1840 1849 1851 1854 1859 1863 1868 1871 1879
     1884 1894 1898 1912 1920 1928 1930 1931 1933 1946 1958 1967 1970 1971 1985 1988 1992 
Color 2: 1 6 7 10 11 13 15 25 27 30 33 34 36 40 46 49 60 61 64 68
     69 70 76 78 85 91 92 94 108 112 120 122 124 128 143 151 152 154 158 175
     177 184 190 191 205 207 212 214 220 224 226 235 238 241 244 252 255 257 268 280
     283 293 329 336 337 342 352 364 367 370 371 381 391 397 402 413 419 424 426 428
     431 436 455 461 470 482 486 487 488 489 492 493 507 508 509 517 525 534 540 541
     542 547 550 564 566 571 575 578 579 583 584 597 602 610 612 616 628 633 638 642
     650 653 656 657 661 662 682 685 689 691 693 706 711 712 719 722 728 734 737 741
     762 763 769 791 804 808 821 826 846 847 853 856 858 862 881 882 888 894 903 905
     918 922 925 933 936 938 942 944 949 956 960 967 979 980 988 993 1003 1005 1006 1035
     1043 1048 1052 1054 1074 1075 1077 1083 1084 1098 1099 1117 1123 1127 1128 1129 1135 1149 1153 1155
     1164 1166 1167 1176 1177 1183 1189 1198 1205 1207 1221 1222 1224 1237 1248 1249 1254 1255 1261 1277
     1289 1305 1310 1315 1321 1344 1346 1348 1351 1355 1361 1376 1384 1393 1405 1417 1422 1433 1434 1436
     1443 1444 1457 1459 1468 1471 1472 1474 1475 1484 1488 1494 1506 1514 1520 1521 1526 1544 1548 1551
     1553 1558 1561 1573 1593 1599 1600 1610 1621 1622 1627 1637 1640 1645 1648 1653 1661 1706 1712 1719
     1743 1756 1757 1774 1790 1794 1803 1822 1824 1829 1838 1841 1848 1860 1862 1869 1873 1875 1881 1889
     1892 1893 1897 1905 1911 1917 1924 1925 1926 1932 1945 1948 1949 1952 1953 1960 1972 1977 1989 
Color 3: 3 9 16 22 28 38 41 54 62 63 65 87 88 95 96 103 105 109 115 129
     135 137 140 142 145 149 167 169 170 174 181 182 183 193 201 203 208 217 222 237
     245 248 265 267 271 272 278 285 286 290 295 304 309 312 317 320 323 332 335 338
     343 350 355 360 368 369 390 393 396 403 410 411 417 421 425 429 432 433 439 445
     456 465 499 502 515 524 528 529 533 535 576 582 586 594 598 600 603 605 620 625
     634 636 646 655 658 660 666 671 679 687 694 695 697 698 700 707 717 726 735 740
     744 747 754 759 760 764 770 772 778 781 785 793 798 801 803 809 811 830 832 834
     839 844 854 859 863 868 870 876 879 883 890 892 904 912 916 921 923 926 950 959
     962 965 974 977 989 991 992 996 999 1007 1011 1014 1018 1021 1029 1032 1037 1053 1062 1065
     1067 1068 1071 1076 1082 1088 1097 1101 1108 1111 1116 1118 1120 1121 1126 1130 1131 1159 1160 1169
     1173 1178 1179 1181 1199 1201 1203 1206 1208 1214 1226 1229 1236 1242 1245 1252 1266 1271 1276 1283
     1284 1285 1287 1303 1304 1306 1316 1318 1333 1335 1340 1349 1353 1364 1369 1378 1383 1385 1392 1416
     1418 1432 1455 1473 1486 1496 1499 1511 1533 1539 1540 1543 1559 1564 1568 1579 1588 1604 1608 1609
     1625 1628 1630 1632 1635 1641 1651 1657 1674 1678 1681 1684 1687 1696 1705 1709 1710 1714 1718 1726
     1730 1738 1762 1768 1773 1776 1781 1784 1789 1792 1797 1804 1810 1812 1823 1832 1844 1847 1855 1856
     1861 1867 1870 1872 1883 1891 1895 1900 1918 1937 1941 1944 1955 1963 1965 1969 1973 1975 1979 1982
     1987 
Color 4: 2 8 12 18 19 20 21 42 56 59 67 81 82 101 121 125 131 132 134 139
     144 150 156 157 159 162 178 189 195 199 202 209 210 211 215 218 259 263 264 274
     275 277 284 292 296 297 301 306 308 318 321 330 340 344 347 372 377 384 385 386
     388 405 407 412 423 427 437 441 459 466 471 476 478 494 497 526 536 537 544 556
     557 558 560 562 580 589 592 604 607 609 619 621 630 644 645 649 654 663 667 668
     692 696 699 702 704 730 739 746 750 753 755 756 773 776 780 794 802 812 813 815
     824 841 864 865 866 872 873 878 902 908 911 917 929 931 939 945 947 952 954 955
     961 966 969 975 982 985 1008 1015 1017 1024 1034 1036 1040 1041 1044 1070 1087 1100 1125 1137
     1138 1141 1144 1145 1171 1180 1187 1188 1192 1196 1200 1215 1216 1223 1243 1251 1267 1274 1278 1295
     1297 1307 1312 1319 1323 1327 1330 1339 1380 1402 1406 1408 1411 1412 1420 1423 1427 1438 1439 1445
     1456 1462 1464 1467 1470 1476 1481 1483 1490 1500 1502 1507 1508 1513 1515 1522 1530 1532 1550 1555
     1557 1566 1569 1574 1577 1581 1582 1586 1587 1591 1596 1598 1603 1605 1614 1620 1626 1629 1631 1643
     1658 1659 1672 1690 1691 1693 1694 1698 1704 1717 1723 1729 1731 1737 1742 1745 1749 1752 1753 1778
     1779 1783 1787 1791 1796 1807 1811 1826 1850 1865 1877 1878 1880 1885 1896 1903 1907 1927 1938 1939
     1951 1954 1956 1964 1966 1981 1983 1994 1998 
Color 5: 29 44 52 53 58 71 73 102 113 116 117 118 119 123 153 165 171 173 176 179
     180 187 188 192 194 204 230 233 251 253 258 261 276 279 281 315 331 349 356 358
     382 387 395 416 418 430 440 448 453 458 460 473 477 479 484 521 543 548 549 577
     585 588 591 593 613 614 617 626 627 659 664 670 672 673 674 681 684 686 703 705
     710 713 738 742 745 751 774 777 784 795 797 806 807 828 836 843 845 848 851 860
     869 871 874 885 893 896 900 919 934 935 953 964 973 998 1010 1026 1027 1028 1031 1033
     1063 1079 1086 1102 1104 1106 1110 1119 1133 1139 1140 1156 1163 1174 1175 1191 1197 1204 1213 1231
     1241 1244 1253 1257 1258 1260 1262 1263 1269 1272 1282 1292 1296 1311 1313 1329 1332 1336 1338 1347
     1362 1371 1374 1381 1386 1388 1391 1395 1396 1397 1404 1437 1453 1454 1465 1478 1479 1482 1495 1498
     1503 1504 1516 1531 1541 1547 1549 1565 1572 1576 1602 1606 1613 1623 1642 1644 1649 1650 1652 1654
     1662 1663 1664 1668 1670 1675 1676 1680 1685 1701 1708 1715 1716 1722 1727 1734 1735 1739 1740 1741
     1744 1751 1755 1760 1761 1786 1798 1801 1805 1809 1816 1819 1825 1836 1839 1843 1846 1857 1876 1899
     1906 1913 1914 1968 1976 1980 
Color 6: 14 35 43 55 77 79 98 133 161 164 166 186 197 206 223 234 236 247 289 298
     302 311 351 353 354 399 409 415 438 442 446 449 457 464 467 472 513 518 552 570
     587 629 637 640 647 675 701 720 732 736 748 757 771 810 825 829 831 835 842 855
     920 940 941 970 978 984 987 994 1019 1050 1051 1058 1059 1078 1090 1107 1109 1124 1142 1143
     1182 1190 1195 1227 1232 1240 1270 1300 1320 1324 1328 1337 1343 1345 1352 1359 1382 1390 1398 1400
     1401 1403 1413 1424 1447 1460 1461 1497 1505 1510 1519 1542 1545 1546 1560 1563 1570 1594 1595 1597
     1607 1615 1617 1639 1655 1666 1673 1679 1703 1711 1713 1721 1732 1733 1750 1754 1759 1763 1777 1806
     1815 1834 1835 1853 1864 1874 1887 1904 1908 1910 1915 1923 1929 1934 1942 1947 1950 1962 1995 
Color 7: 48 75 213 266 294 327 454 559 569 599 632 643 787 816 897 899 1023 1072 1091 1146
     1165 1194 1209 1239 1291 1341 1372 1414 1480 1523 1537 1624 1683 1748 1766 1775 1820 1828 1866 1882
     1886 1890 1921 1997 1999 
Color 8: 595 968 
Hit enter to continue.

For SL, the nodes are ordered
162 247 546 383 1437 1189 1263 96 1508 438 1837 618 253 435 701 1442 
1970 1622 5 51 1261 1512 190 310 1696 1233 1119 217 1323 163 1298 1281 
156 197 368 985 1829 663 475 503 34 1294 1477 709 859 1792 144 1982 
269 1252 42 58 112 1275 1338 62 277 398 788 1009 1107 1587 420 78 
842 635 462 1117 1136 1318 909 143 964 1064 1068 556 645 1475 1566 910 
508 520 1839 563 529 714 1314 1441 751 948 1685 764 953 609 432 495 
847 453 587 1309 1803 1014 1930 76 296 601 879 1510 1026 1877 10 758 
21 31 39 321 439 55 248 524 596 653 1782 1221 1831 1158 1389 674 
857 220 109 316 64 1066 1393 1569 971 994 1054 1011 1433 555 1352 1237 
1628 397 863 1120 1399 209 1988 1472 1568 1507 1543 1828 1616 633 1095 1021 
1770 1288 626 887 654 1324 1790 1375 1473 852 1496 212 1143 451 766 771 
975 862 113 1224 1565 255 282 371 888 372 1045 558 950 1071 244 1108 
480 940 951 484 745 901 1765 914 115 428 149 755 126 469 205 665 
141 407 185 819 861 1816 268 1758 1890 487 1378 1931 1055 731 245 292 
821 311 515 48 571 798 32 763 778 409 805 1467 986 4 1482 1746 
312 1386 1392 1686 1468 1809 1192 1387 1494 1504 254 1774 1579 1684 1697 1847 
1924 1509 1798 1724 1490 1612 1663 389 92 184 1749 339 566 1042 1052 1057 
1169 1331 1564 1656 139 43 1967 1348 1937 373 1046 1594 1694 1866 382 427 
749 713 921 1293 1445 1669 1844 1035 591 905 630 1186 447 728 924 1958 
780 876 1332 1870 1717 1369 93 473 616 1088 1256 1289 1360 651 307 1168 
541 1118 358 992 482 1008 854 1122 457 1036 896 1804 531 1149 37 85 
1415 155 291 202 575 1238 1535 1101 1680 725 1577 783 1736 91 617 1830 
1178 1875 858 410 73 1517 1037 252 313 24 449 1742 1977 823 1092 41 
527 811 1212 336 1871 463 583 813 361 189 759 1786 1627 1952 105 404 
1826 1486 1761 1808 306 323 1813 1909 413 182 518 1672 1451 1198 283 1262 
1738 643 138 426 1356 1699 1747 1863 883 1691 342 496 644 1728 650 1235 
1264 1018 1707 1910 1355 1020 1049 1154 1868 942 792 1435 744 1787 1061 602 
1060 186 328 664 675 841 870 945 937 1028 1308 1335 211 1619 122 406 
881 99 1892 75 629 1214 208 124 895 1454 390 605 588 825 724 1897 
718 271 532 295 1501 337 499 849 784 405 597 736 521 619 498 536 
1925 1764 20 178 1191 346 259 610 679 450 938 695 952 932 201 1044 
1991 45 419 708 384 786 976 741 772 1502 86 525 237 1514 1599 1653 
809 1888 30 71 497 325 996 1912 102 246 511 844 1499 1516 1112 1630 
1766 72 1 1783 293 1855 280 222 416 1939 26 392 595 802 170 1093 
1291 1487 1836 1661 1784 136 1933 1520 1618 1733 80 232 688 1305 1181 1363 
1249 1007 329 456 1096 1981 1503 1698 721 1634 1070 1302 33 1230 608 1984 
1295 22 1971 365 1053 1825 466 723 1075 1029 743 768 781 47 800 1538 
903 919 923 1013 56 1062 1069 1978 377 1170 1306 1268 1529 1677 1979 236 
357 1827 1660 1996 69 101 364 468 135 875 434 584 867 1290 1794 1456 
927 1131 935 908 401 423 474 589 641 627 990 658 682 727 1515 1922 
1405 753 799 722 886 1713 769 1849 900 1864 853 1350 1662 1530 913 1188 
1229 1357 1443 1838 704 972 949 353 573 411 791 1081 74 1336 702 335 
1047 1098 1427 513 916 1157 121 196 1980 177 1002 706 81 264 931 656 
183 227 281 1610 1722 1946 1990 256 369 467 562 25 739 1872 1425 229 
493 1505 174 242 125 1644 1166 1444 1626 1867 1904 176 1811 1220 1177 1692 
833 1206 1258 1259 1280 1471 23 119 132 1286 1313 1649 692 843 1407 1340 
1704 1845 808 1985 666 1701 697 1351 1390 1511 1590 767 1637 1297 1858 1718 
1558 1895 892 300 446 402 614 400 1643 1708 240 839 1315 1675 1361 1793 
241 288 907 1365 604 1079 1195 1671 1860 1950 1043 304 1481 1422 866 1916 
1972 1498 1613 1645 1666 317 171 1240 193 1115 1596 226 1901 981 478 1216 
2 1279 1554 1097 606 686 776 1255 422 1474 865 507 517 1006 1163 238 
545 551 574 1276 1287 1406 50 1439 128 230 381 1012 603 1034 276 782 
1040 1391 1773 443 993 452 1346 1465 359 1211 1304 1128 502 1681 1745 547 
576 806 1072 851 946 880 494 514 1951 882 1267 542 565 667 1820 200 
703 687 1485 297 899 977 1292 615 754 662 622 491 505 845 746 872 
1965 1124 925 1106 1248 1367 1431 1464 1636 344 1446 793 856 1379 1737 1920 
1058 179 553 1438 117 1089 260 581 890 765 1420 79 159 290 35 385 
151 263 1418 326 414 770 1127 794 1050 822 1541 1296 1546 284 1739 1869 
239 103 552 1902 130 334 742 820 1447 417 1593 1557 1767 213 835 250 
322 430 1173 1457 393 40 812 528 717 1492 1539 1545 1560 1572 1617 1620 
1818 1528 279 1861 1883 1989 146 436 234 1048 272 1125 1621 1735 169 1865 
465 1935 1001 848 110 607 1063 661 1994 680 87 590 980 1800 470 418 
501 761 285 302 877 1750 585 168 965 1114 1126 647 578 1236 1342 1247 
1359 100 1417 164 1611 1624 974 1253 1100 65 804 1531 1571 1632 1781 464 
1881 332 1153 1562 1180 1381 1525 1874 1606 1384 1710 1730 577 1377 333 1151 
275 740 1073 1788 1614 1244 1274 1540 1650 1373 224 1453 1470 1489 1814 1851 
106 349 1776 1414 1944 554 1080 1312 1175 1960 947 1625 943 1027 1245 1580 
1196 1711 1986 1608 1269 1607 599 611 1300 613 978 1223 1388 638 696 807 
712 1725 906 1440 797 1799 1179 1005 1016 1497 1123 773 967 1160 1380 826 
1084 832 1484 228 1500 1353 1184 1208 1337 309 1589 1741 989 1299 1311 1339 
1334 1130 979 500 659 834 569 1197 1905 262 1074 1085 1584 1581 640 810 
1225 1553 958 1172 543 874 1519 544 911 1385 1743 1934 1987 118 649 889 
1003 348 939 836 483 787 864 568 46 97 818 160 796 257 258 299 
1103 1121 738 386 455 1217 1254 1347 1285 790 1775 173 479 829 747 795 
1231 360 1152 1506 63 308 840 700 1802 912 219 1995 1658 1947 375 49 
1132 1889 623 1823 730 1082 1199 1210 1993 1436 59 352 646 735 1307 1712 
1721 1549 1817 1727 1919 191 593 957 221 370 815 1142 1894 726 621 399 
1771 1147 1777 564 522 1241 1171 774 287 488 1067 1796 1834 1913 1926 9 
388 89 671 970 1603 550 684 929 1301 1076 1343 485 354 642 720 1000 
1408 36 1019 489 570 1555 586 846 673 752 997 1602 933 1215 676 1862 
1419 1366 1822 1914 1702 1434 1714 966 1676 1753 77 471 504 379 873 917 
1768 1821 1938 1963 70 1780 17 437 90 424 549 223 82 395 1459 67 
249 472 1204 897 1234 1667 1428 580 1527 52 1778 625 689 1140 1242 98 
305 425 1716 1532 1959 1265 1495 1004 760 678 1105 1604 1791 278 1561 12 
509 830 1051 1522 192 1679 88 1706 134 1556 1903 391 1567 180 934 1693 
444 150 1936 29 351 510 620 928 461 1065 1371 1652 1400 1646 1480 1907 
1929 1973 1203 1374 167 1536 1655 66 1576 380 1795 1975 490 1974 637 1383 
1397 814 1483 1759 1039 481 235 265 594 458 1723 816 431 1806 1917 1056 
1059 1077 460 1099 1923 1478 715 1144 1316 129 1395 1633 1591 1547 941 1228 
1575 1953 187 476 403 523 1164 14 1329 1176 1193 1330 598 1757 1853 415 
53 683 1200 1469 1232 954 1325 1341 762 817 153 572 1362 1631 301 408 
891 1756 1734 421 631 871 1201 1222 1513 944 1588 1833 855 477 1398 1401 
95 719 338 559 1673 165 707 270 1605 1563 655 902 995 1476 1488 729 
18 1664 166 1651 668 1670 1859 131 142 1915 1976 343 152 1015 1801 442 
376 194 1087 1856 273 1815 1601 1402 1479 1657 1805 341 1523 289 1659 1835 
137 1962 1998 582 1772 44 1138 959 314 732 1139 1226 1412 140 624 956 
1086 1102 459 1368 1109 1573 154 378 1843 16 199 690 960 1463 632 57 
347 1129 274 1133 1134 1141 884 1327 1789 1145 1466 294 394 1641 1148 1648 
1751 1159 1578 1190 231 1394 319 1941 779 526 660 1207 1209 1161 1227 1582 
1763 441 327 1521 1243 1246 1270 1396 878 988 345 396 1317 1533 1668 1283 
1403 1358 699 893 1705 1156 1429 1017 1908 320 214 1251 1597 1257 1266 440 
1570 1642 1744 1969 1846 38 225 251 1033 1162 534 750 733 982 850 894 
1239 922 1271 530 1272 1278 1320 1460 1943 298 535 969 926 1683 1762 1322 
1574 181 1038 533 1030 1194 710 885 104 1344 1370 987 1410 198 1376 1409 
1887 1421 1423 698 1526 3 13 1430 318 519 1110 693 1010 1424 1116 1583 
968 1462 1493 1911 1518 1857 1537 681 1542 445 1282 1586 670 1592 1595 1609 
1638 705 1748 672 1639 1647 512 267 1654 1674 1779 1824 1310 1732 1807 324 
516 869 557 1491 1183 1461 1689 1703 1715 1740 1754 1785 1797 1810 0 1906 
561 1873 161 366 567 1812 188 1840 429 1850 1852 1880 1884 108 133 1885 
157 1893 340 1349 1921 955 1623 1932 27 1940 1945 1954 233 1992 1819 1955 
1964 1968 1999 8 1615 11 15 60 628 1024 1997 83 84 94 363 1205 
1303 120 123 1404 1949 68 127 266 983 1023 1455 147 203 206 210 860 
216 915 261 315 331 350 356 1284 387 1078 1273 412 433 1187 454 506 
537 548 560 579 600 636 639 1319 1260 652 657 669 677 691 694 734 
1113 1942 1135 756 757 777 828 831 868 1104 904 920 930 961 963 1031 
984 648 737 1524 991 7 1041 1083 1090 1091 1094 1879 1137 286 1146 1150 
1165 195 374 1202 1886 1219 1250 716 1277 1328 973 1345 1364 1372 6 1382 
1413 1559 1449 1458 362 1550 1729 1552 1600 1635 1640 1544 1678 1687 1690 1700 
114 1709 303 1832 1841 1842 1848 1878 1882 1928 838 1957 28 1174 1450 1448 
158 54 61 107 1354 116 175 172 204 218 330 367 448 1752 492 1032 
1755 538 539 1333 540 592 775 785 789 803 827 837 936 962 1111 1022 
1025 1182 145 1411 1416 1432 1534 1551 1598 1719 1726 1731 1983 1760 1769 1876 
1898 1918 1927 1956 1966 19 111 207 215 243 355 612 634 685 1891 748 
824 1548 998 1213 1218 1896 1321 1326 1426 1900 1585 1629 1688 1854 1948 148 
486 711 918 1155 1185 1452 1665 1720 898 999 1682 1695 1899 801 1167 1961 


SL used 9 colors.

Nodes were colored as follows.
Color 0: 10 15 20 22 32 36 39 40 41 43 44 47 52 54 62 64 65 70 74 82
     85 86 89 93 96 106 108 113 116 117 123 124 127 128 140 143 149 157 161 162
     174 175 190 191 195 197 205 217 224 231 244 246 248 251 254 255 261 266 267 269
     278 284 288 301 305 307 311 312 313 320 321 327 335 338 339 340 356 358 363 366
     370 372 373 384 392 399 406 423 435 436 438 445 446 448 450 453 456 459 460 466
     475 476 477 484 486 495 507 510 520 530 538 546 568 573 579 580 581 592 600 612
     615 617 632 633 634 635 643 646 654 661 664 673 674 678 684 685 688 692 698 700
     709 711 718 728 730 736 746 751 753 758 759 769 770 773 778 782 783 788 791 796
     812 813 814 816 836 839 841 848 849 850 856 861 867 869 871 872 873 875 877 882
     883 899 902 909 910 912 921 931 934 937 947 948 953 961 969 970 973 975 976 988
     990 994 996 1016 1022 1024 1025 1027 1037 1041 1045 1053 1055 1057 1058 1062 1068 1071 1095 1110
     1115 1120 1121 1139 1141 1143 1152 1154 1155 1158 1160 1163 1167 1174 1178 1179 1181 1186 1188 1189
     1190 1191 1196 1201 1204 1208 1213 1218 1224 1227 1230 1232 1234 1236 1237 1246 1261 1262 1277 1281
     1286 1288 1294 1306 1307 1323 1326 1335 1344 1364 1377 1381 1399 1414 1427 1433 1442 1445 1448 1449
     1452 1454 1458 1460 1468 1472 1476 1481 1484 1485 1486 1489 1491 1496 1519 1523 1528 1529 1532 1534
     1542 1549 1562 1564 1574 1579 1587 1592 1594 1605 1608 1618 1628 1631 1640 1657 1659 1665 1668 1669
     1672 1674 1676 1677 1678 1682 1690 1696 1701 1705 1714 1717 1725 1729 1748 1749 1758 1760 1763 1765
     1767 1788 1801 1808 1811 1820 1821 1823 1829 1838 1843 1846 1849 1853 1856 1868 1869 1872 1873 1877
     1883 1892 1898 1899 1903 1904 1909 1916 1922 1929 1931 1932 1933 1939 1940 1942 1945 1946 1947 1979
     1982 
Color 1: 1 5 19 23 24 33 42 50 63 68 69 75 76 78 79 80 81 99 101 103
     109 110 111 114 115 118 122 137 138 141 146 150 152 156 163 166 173 176 182 184
     193 202 211 212 236 238 240 245 247 249 256 257 263 268 280 282 294 297 298 303
     309 310 315 316 323 342 355 357 368 383 390 398 408 409 414 415 419 420 439 454
     469 470 474 480 490 497 503 506 508 511 512 521 524 526 531 539 542 543 544 553
     555 556 557 560 561 562 564 571 574 575 586 589 594 601 607 609 614 618 620 625
     642 645 648 653 663 666 675 676 686 687 690 697 701 704 710 714 721 724 729 733
     735 740 742 743 744 747 749 762 768 772 789 790 799 800 810 824 826 834 838 844
     847 851 852 853 854 859 862 864 865 880 888 892 893 901 907 915 916 920 924 930
     932 935 940 942 951 954 963 964 966 974 983 986 995 1002 1009 1018 1020 1023 1028 1030
     1035 1046 1054 1061 1066 1067 1075 1079 1087 1088 1098 1111 1113 1119 1134 1140 1144 1159 1164 1176
     1182 1192 1193 1199 1212 1214 1231 1245 1248 1249 1250 1263 1273 1275 1276 1291 1293 1295 1310 1331
     1332 1338 1349 1353 1354 1357 1360 1362 1368 1378 1383 1388 1389 1390 1391 1393 1405 1406 1415 1417
     1418 1441 1451 1457 1463 1482 1495 1497 1512 1522 1527 1535 1537 1540 1565 1566 1584 1585 1590 1599
     1606 1612 1616 1624 1625 1636 1638 1654 1655 1671 1675 1684 1685 1688 1689 1692 1697 1699 1700 1703
     1728 1733 1735 1739 1744 1747 1752 1754 1755 1756 1770 1772 1781 1789 1790 1792 1795 1799 1803 1814
     1816 1818 1819 1839 1840 1851 1854 1860 1866 1871 1885 1890 1893 1894 1896 1901 1906 1912 1913 1917
     1918 1919 1920 1925 1927 1938 1953 1964 1965 1970 1994 
Color 2: 0 4 7 8 11 13 25 30 31 34 46 48 51 57 58 60 71 87 95 100
     104 107 112 121 132 136 139 144 145 148 154 155 158 169 180 181 201 207 208 210
     214 218 223 225 228 229 234 241 243 250 253 271 272 274 276 277 279 283 286 296
     306 314 329 332 336 343 345 346 361 364 369 371 376 379 381 382 389 391 397 404
     405 410 418 431 432 434 444 447 451 462 472 481 487 494 496 499 501 522 525 536
     547 558 563 567 569 570 577 587 593 595 597 598 602 610 613 616 627 644 647 650
     651 655 659 665 691 695 706 720 722 725 731 739 745 756 763 764 766 774 775 777
     779 781 787 792 793 801 803 804 808 825 829 830 832 842 857 866 876 878 879 886
     890 894 897 898 903 904 908 911 922 926 928 933 944 949 971 982 985 989 998 999
     1001 1015 1019 1021 1026 1032 1034 1040 1049 1064 1080 1081 1086 1092 1097 1101 1108 1116 1123 1126
     1131 1136 1138 1145 1149 1161 1168 1175 1185 1187 1194 1195 1198 1200 1203 1207 1211 1217 1223 1228
     1233 1242 1252 1267 1268 1269 1272 1274 1284 1290 1298 1302 1309 1313 1324 1333 1334 1341 1343 1352
     1355 1356 1359 1369 1375 1386 1401 1402 1403 1410 1420 1429 1431 1432 1437 1439 1443 1462 1469 1474
     1475 1477 1483 1494 1501 1502 1507 1508 1511 1516 1520 1521 1525 1530 1533 1552 1556 1571 1581 1593
     1610 1622 1630 1635 1637 1645 1652 1656 1666 1670 1711 1716 1724 1742 1750 1771 1776 1782 1785 1786
     1797 1804 1809 1825 1827 1828 1837 1842 1847 1848 1850 1862 1863 1870 1875 1884 1888 1889 1891 1895
     1937 1948 1950 1956 1957 1962 1977 1978 1980 1981 1983 1984 1988 1989 1993 1998 
Color 3: 9 16 21 26 28 29 37 45 53 55 66 73 77 83 84 102 120 125 126 159
     165 178 179 188 189 192 194 198 204 209 220 222 232 235 237 239 289 292 293 299
     300 302 304 317 318 324 337 347 354 362 374 378 385 388 395 396 401 403 407 416
     417 421 425 427 430 441 461 463 468 473 478 492 493 498 502 514 515 516 528 529
     533 541 545 548 549 566 572 578 583 585 588 591 596 599 608 611 624 626 652 660
     662 670 677 679 681 689 702 703 705 708 713 715 717 727 734 741 748 767 798 802
     805 809 819 831 835 855 860 863 870 874 881 885 887 891 895 914 927 941 946 950
     965 967 977 992 1005 1007 1008 1011 1014 1029 1033 1036 1042 1044 1059 1069 1084 1085 1100 1103
     1107 1112 1117 1118 1122 1130 1151 1156 1162 1184 1206 1209 1215 1220 1221 1226 1235 1238 1239 1241
     1253 1258 1259 1280 1283 1285 1289 1300 1304 1312 1314 1318 1327 1339 1345 1365 1379 1382 1387 1404
     1407 1409 1422 1425 1446 1447 1450 1453 1455 1464 1465 1466 1470 1473 1487 1499 1504 1510 1517 1531
     1538 1543 1544 1553 1554 1555 1557 1567 1568 1569 1570 1573 1577 1601 1602 1604 1617 1619 1633 1634
     1639 1641 1658 1660 1663 1680 1691 1695 1708 1713 1715 1720 1734 1736 1737 1746 1757 1761 1764 1773
     1777 1780 1793 1794 1798 1805 1806 1810 1812 1817 1831 1833 1834 1836 1844 1858 1864 1865 1879 1886
     1897 1902 1924 1935 1941 1944 1949 1952 1955 1958 1961 1963 1967 1971 1972 1974 1985 1990 1992 
Color 4: 2 3 14 18 27 35 38 56 72 91 92 94 119 129 134 135 153 164 168 170
     171 172 183 185 200 206 219 226 230 233 252 258 264 270 275 291 308 319 322 325
     326 328 334 350 359 367 375 377 387 412 426 428 437 449 465 467 471 479 482 485
     488 489 513 517 518 519 527 532 535 540 550 552 582 584 603 605 619 622 629 631
     637 640 649 667 669 680 683 696 723 755 757 761 771 776 780 786 794 806 807 815
     820 821 822 823 833 837 840 843 845 846 858 896 905 906 913 917 918 938 939 943
     945 956 957 978 979 981 1000 1003 1004 1006 1013 1031 1043 1048 1051 1052 1060 1070 1072 1078
     1083 1091 1105 1106 1109 1124 1125 1128 1133 1150 1153 1169 1171 1177 1180 1210 1216 1219 1225 1229
     1244 1247 1251 1254 1255 1256 1257 1264 1301 1315 1320 1321 1336 1337 1340 1347 1348 1363 1367 1370
     1373 1385 1392 1394 1397 1400 1421 1430 1435 1438 1461 1467 1471 1478 1479 1480 1492 1505 1509 1513
     1515 1524 1526 1550 1551 1558 1559 1560 1561 1563 1588 1591 1596 1600 1623 1627 1629 1632 1642 1643
     1644 1647 1651 1661 1667 1673 1683 1698 1704 1709 1712 1718 1721 1722 1723 1727 1730 1738 1743 1745
     1751 1753 1766 1769 1774 1779 1783 1787 1813 1822 1830 1859 1861 1874 1876 1882 1905 1910 1928 1930
     1943 1966 1968 
Color 5: 6 12 61 98 105 147 151 160 167 177 186 187 199 215 227 242 259 265 285 287
     295 330 344 348 349 351 353 365 386 393 394 400 402 411 413 422 433 440 442 455
     457 458 464 483 491 534 537 551 554 559 565 606 623 628 630 636 638 641 656 658
     671 672 682 693 694 707 712 719 737 752 784 785 795 811 827 828 900 919 923 925
     929 952 958 968 972 980 984 997 1017 1038 1039 1047 1050 1056 1065 1074 1089 1094 1096 1099
     1102 1114 1142 1157 1166 1170 1172 1173 1183 1197 1202 1240 1270 1278 1279 1282 1287 1292 1297 1299
     1303 1305 1308 1311 1316 1317 1325 1328 1342 1346 1350 1351 1384 1398 1408 1411 1413 1416 1419 1424
     1428 1436 1440 1444 1490 1493 1498 1503 1506 1514 1539 1545 1548 1576 1580 1589 1597 1603 1609 1611
     1621 1626 1649 1653 1679 1681 1686 1693 1694 1706 1707 1726 1731 1732 1740 1759 1768 1775 1784 1796
     1802 1826 1832 1845 1855 1857 1867 1880 1887 1907 1914 1921 1934 1951 1954 1960 1973 1986 1991 1996
     1997 
Color 6: 49 59 67 88 90 130 131 133 196 203 213 216 221 260 262 273 281 290 333 341
     360 380 429 500 504 505 509 523 576 604 657 668 699 716 726 732 738 750 754 760
     817 818 868 936 955 960 987 993 1010 1012 1063 1076 1077 1082 1090 1093 1127 1129 1146 1147
     1165 1222 1266 1271 1296 1319 1329 1330 1358 1361 1366 1371 1372 1374 1376 1380 1395 1396 1423 1426
     1434 1456 1459 1488 1500 1536 1541 1547 1572 1575 1578 1582 1586 1598 1613 1614 1615 1620 1646 1648
     1650 1662 1687 1710 1719 1741 1762 1778 1791 1800 1824 1841 1852 1881 1900 1908 1911 1915 1923 1926
     1936 1959 1975 1987 1995 1999 
Color 7: 17 97 142 331 352 424 443 452 590 621 639 765 797 884 889 959 962 991 1073 1104
     1132 1135 1137 1148 1205 1243 1260 1265 1322 1412 1518 1546 1583 1607 1664 1702 1807 1815 1835 1969
     1976 
Color 8: 1595 1878 
Hit enter to continue.

For SLI, the nodes were initially ordered
162 247 546 383 1437 1189 1263 96 1508 438 1837 618 253 435 701 1442 
1970 1622 5 51 1261 1512 190 310 1696 1233 1119 217 1323 163 1298 1281 
156 197 368 985 1829 663 475 503 34 1294 1477 709 859 1792 144 1982 
269 1252 42 58 112 1275 1338 62 277 398 788 1009 1107 1587 420 78 
842 635 462 1117 1136 1318 909 143 964 1064 1068 556 645 1475 1566 910 
508 520 1839 563 529 714 1314 1441 751 948 1685 764 953 609 432 495 
847 453 587 1309 1803 1014 1930 76 296 601 879 1510 1026 1877 10 758 
21 31 39 321 439 55 248 524 596 653 1782 1221 1831 1158 1389 674 
857 220 109 316 64 1066 1393 1569 971 994 1054 1011 1433 555 1352 1237 
1628 397 863 1120 1399 209 1988 1472 1568 1507 1543 1828 1616 633 1095 1021 
1770 1288 626 887 654 1324 1790 1375 1473 852 1496 212 1143 451 766 771 
975 862 113 1224 1565 255 282 371 888 372 1045 558 950 1071 244 1108 
480 940 951 484 745 901 1765 914 115 428 149 755 126 469 205 665 
141 407 185 819 861 1816 268 1758 1890 487 1378 1931 1055 731 245 292 
821 311 515 48 571 798 32 763 778 409 805 1467 986 4 1482 1746 
312 1386 1392 1686 1468 1809 1192 1387 1494 1504 254 1774 1579 1684 1697 1847 
1924 1509 1798 1724 1490 1612 1663 389 92 184 1749 339 566 1042 1052 1057 
1169 1331 1564 1656 139 43 1967 1348 1937 373 1046 1594 1694 1866 382 427 
749 713 921 1293 1445 1669 1844 1035 591 905 630 1186 447 728 924 1958 
780 876 1332 1870 1717 1369 93 473 616 1088 1256 1289 1360 651 307 1168 
541 1118 358 992 482 1008 854 1122 457 1036 896 1804 531 1149 37 85 
1415 155 291 202 575 1238 1535 1101 1680 725 1577 783 1736 91 617 1830 
1178 1875 858 410 73 1517 1037 252 313 24 449 1742 1977 823 1092 41 
527 811 1212 336 1871 463 583 813 361 189 759 1786 1627 1952 105 404 
1826 1486 1761 1808 306 323 1813 1909 413 182 518 1672 1451 1198 283 1262 
1738 643 138 426 1356 1699 1747 1863 883 1691 342 496 644 1728 650 1235 
1264 1018 1707 1910 1355 1020 1049 1154 1868 942 792 1435 744 1787 1061 602 
1060 186 328 664 675 841 870 945 937 1028 1308 1335 211 1619 122 406 
881 99 1892 75 629 1214 208 124 895 1454 390 605 588 825 724 1897 
718 271 532 295 1501 337 499 849 784 405 597 736 521 619 498 536 
1925 1764 20 178 1191 346 259 610 679 450 938 695 952 932 201 1044 
1991 45 419 708 384 786 976 741 772 1502 86 525 237 1514 1599 1653 
809 1888 30 71 497 325 996 1912 102 246 511 844 1499 1516 1112 1630 
1766 72 1 1783 293 1855 280 222 416 1939 26 392 595 802 170 1093 
1291 1487 1836 1661 1784 136 1933 1520 1618 1733 80 232 688 1305 1181 1363 
1249 1007 329 456 1096 1981 1503 1698 721 1634 1070 1302 33 1230 608 1984 
1295 22 1971 365 1053 1825 466 723 1075 1029 743 768 781 47 800 1538 
903 919 923 1013 56 1062 1069 1978 377 1170 1306 1268 1529 1677 1979 236 
357 1827 1660 1996 69 101 364 468 135 875 434 584 867 1290 1794 1456 
927 1131 935 908 401 423 474 589 641 627 990 658 682 727 1515 1922 
1405 753 799 722 886 1713 769 1849 900 1864 853 1350 1662 1530 913 1188 
1229 1357 1443 1838 704 972 949 353 573 411 791 1081 74 1336 702 335 
1047 1098 1427 513 916 1157 121 196 1980 177 1002 706 81 264 931 656 
183 227 281 1610 1722 1946 1990 256 369 467 562 25 739 1872 1425 229 
493 1505 174 242 125 1644 1166 1444 1626 1867 1904 176 1811 1220 1177 1692 
833 1206 1258 1259 1280 1471 23 119 132 1286 1313 1649 692 843 1407 1340 
1704 1845 808 1985 666 1701 697 1351 1390 1511 1590 767 1637 1297 1858 1718 
1558 1895 892 300 446 402 614 400 1643 1708 240 839 1315 1675 1361 1793 
241 288 907 1365 604 1079 1195 1671 1860 1950 1043 304 1481 1422 866 1916 
1972 1498 1613 1645 1666 317 171 1240 193 1115 1596 226 1901 981 478 1216 
2 1279 1554 1097 606 686 776 1255 422 1474 865 507 517 1006 1163 238 
545 551 574 1276 1287 1406 50 1439 128 230 381 1012 603 1034 276 782 
1040 1391 1773 443 993 452 1346 1465 359 1211 1304 1128 502 1681 1745 547 
576 806 1072 851 946 880 494 514 1951 882 1267 542 565 667 1820 200 
703 687 1485 297 899 977 1292 615 754 662 622 491 505 845 746 872 
1965 1124 925 1106 1248 1367 1431 1464 1636 344 1446 793 856 1379 1737 1920 
1058 179 553 1438 117 1089 260 581 890 765 1420 79 159 290 35 385 
151 263 1418 326 414 770 1127 794 1050 822 1541 1296 1546 284 1739 1869 
239 103 552 1902 130 334 742 820 1447 417 1593 1557 1767 213 835 250 
322 430 1173 1457 393 40 812 528 717 1492 1539 1545 1560 1572 1617 1620 
1818 1528 279 1861 1883 1989 146 436 234 1048 272 1125 1621 1735 169 1865 
465 1935 1001 848 110 607 1063 661 1994 680 87 590 980 1800 470 418 
501 761 285 302 877 1750 585 168 965 1114 1126 647 578 1236 1342 1247 
1359 100 1417 164 1611 1624 974 1253 1100 65 804 1531 1571 1632 1781 464 
1881 332 1153 1562 1180 1381 1525 1874 1606 1384 1710 1730 577 1377 333 1151 
275 740 1073 1788 1614 1244 1274 1540 1650 1373 224 1453 1470 1489 1814 1851 
106 349 1776 1414 1944 554 1080 1312 1175 1960 947 1625 943 1027 1245 1580 
1196 1711 1986 1608 1269 1607 599 611 1300 613 978 1223 1388 638 696 807 
712 1725 906 1440 797 1799 1179 1005 1016 1497 1123 773 967 1160 1380 826 
1084 832 1484 228 1500 1353 1184 1208 1337 309 1589 1741 989 1299 1311 1339 
1334 1130 979 500 659 834 569 1197 1905 262 1074 1085 1584 1581 640 810 
1225 1553 958 1172 543 874 1519 544 911 1385 1743 1934 1987 118 649 889 
1003 348 939 836 483 787 864 568 46 97 818 160 796 257 258 299 
1103 1121 738 386 455 1217 1254 1347 1285 790 1775 173 479 829 747 795 
1231 360 1152 1506 63 308 840 700 1802 912 219 1995 1658 1947 375 49 
1132 1889 623 1823 730 1082 1199 1210 1993 1436 59 352 646 735 1307 1712 
1721 1549 1817 1727 1919 191 593 957 221 370 815 1142 1894 726 621 399 
1771 1147 1777 564 522 1241 1171 774 287 488 1067 1796 1834 1913 1926 9 
388 89 671 970 1603 550 684 929 1301 1076 1343 485 354 642 720 1000 
1408 36 1019 489 570 1555 586 846 673 752 997 1602 933 1215 676 1862 
1419 1366 1822 1914 1702 1434 1714 966 1676 1753 77 471 504 379 873 917 
1768 1821 1938 1963 70 1780 17 437 90 424 549 223 82 395 1459 67 
249 472 1204 897 1234 1667 1428 580 1527 52 1778 625 689 1140 1242 98 
305 425 1716 1532 1959 1265 1495 1004 760 678 1105 1604 1791 278 1561 12 
509 830 1051 1522 192 1679 88 1706 134 1556 1903 391 1567 180 934 1693 
444 150 1936 29 351 510 620 928 461 1065 1371 1652 1400 1646 1480 1907 
1929 1973 1203 1374 167 1536 1655 66 1576 380 1795 1975 490 1974 637 1383 
1397 814 1483 1759 1039 481 235 265 594 458 1723 816 431 1806 1917 1056 
1059 1077 460 1099 1923 1478 715 1144 1316 129 1395 1633 1591 1547 941 1228 
1575 1953 187 476 403 523 1164 14 1329 1176 1193 1330 598 1757 1853 415 
53 683 1200 1469 1232 954 1325 1341 762 817 153 572 1362 1631 301 408 
891 1756 1734 421 631 871 1201 1222 1513 944 1588 1833 855 477 1398 1401 
95 719 338 559 1673 165 707 270 1605 1563 655 902 995 1476 1488 729 
18 1664 166 1651 668 1670 1859 131 142 1915 1976 343 152 1015 1801 442 
376 194 1087 1856 273 1815 1601 1402 1479 1657 1805 341 1523 289 1659 1835 
137 1962 1998 582 1772 44 1138 959 314 732 1139 1226 1412 140 624 956 
1086 1102 459 1368 1109 1573 154 378 1843 16 199 690 960 1463 632 57 
347 1129 274 1133 1134 1141 884 1327 1789 1145 1466 294 394 1641 1148 1648 
1751 1159 1578 1190 231 1394 319 1941 779 526 660 1207 1209 1161 1227 1582 
1763 441 327 1521 1243 1246 1270 1396 878 988 345 396 1317 1533 1668 1283 
1403 1358 699 893 1705 1156 1429 1017 1908 320 214 1251 1597 1257 1266 440 
1570 1642 1744 1969 1846 38 225 251 1033 1162 534 750 733 982 850 894 
1239 922 1271 530 1272 1278 1320 1460 1943 298 535 969 926 1683 1762 1322 
1574 181 1038 533 1030 1194 710 885 104 1344 1370 987 1410 198 1376 1409 
1887 1421 1423 698 1526 3 13 1430 318 519 1110 693 1010 1424 1116 1583 
968 1462 1493 1911 1518 1857 1537 681 1542 445 1282 1586 670 1592 1595 1609 
1638 705 1748 672 1639 1647 512 267 1654 1674 1779 1824 1310 1732 1807 324 
516 869 557 1491 1183 1461 1689 1703 1715 1740 1754 1785 1797 1810 0 1906 
561 1873 161 366 567 1812 188 1840 429 1850 1852 1880 1884 108 133 1885 
157 1893 340 1349 1921 955 1623 1932 27 1940 1945 1954 233 1992 1819 1955 
1964 1968 1999 8 1615 11 15 60 628 1024 1997 83 84 94 363 1205 
1303 120 123 1404 1949 68 127 266 983 1023 1455 147 203 206 210 860 
216 915 261 315 331 350 356 1284 387 1078 1273 412 433 1187 454 506 
537 548 560 579 600 636 639 1319 1260 652 657 669 677 691 694 734 
1113 1942 1135 756 757 777 828 831 868 1104 904 920 930 961 963 1031 
984 648 737 1524 991 7 1041 1083 1090 1091 1094 1879 1137 286 1146 1150 
1165 195 374 1202 1886 1219 1250 716 1277 1328 973 1345 1364 1372 6 1382 
1413 1559 1449 1458 362 1550 1729 1552 1600 1635 1640 1544 1678 1687 1690 1700 
114 1709 303 1832 1841 1842 1848 1878 1882 1928 838 1957 28 1174 1450 1448 
158 54 61 107 1354 116 175 172 204 218 330 367 448 1752 492 1032 
1755 538 539 1333 540 592 775 785 789 803 827 837 936 962 1111 1022 
1025 1182 145 1411 1416 1432 1534 1551 1598 1719 1726 1731 1983 1760 1769 1876 
1898 1918 1927 1956 1966 19 111 207 215 243 355 612 634 685 1891 748 
824 1548 998 1213 1218 1896 1321 1326 1426 1900 1585 1629 1688 1854 1948 148 
486 711 918 1155 1185 1452 1665 1720 898 999 1682 1695 1899 801 1167 1961 

We will print the nodes that benefited from the swap.
Node 1930 benefited and was colored not Color 4 but rather Color 0
Node 1831 benefited and was colored not Color 4 but rather Color 0
Node 1158 benefited and was colored not Color 4 but rather Color 0
Node 1237 benefited and was colored not Color 4 but rather Color 1
Node 633 benefited and was colored not Color 4 but rather Color 0
Node 428 benefited and was colored not Color 4 but rather Color 2
Node 126 benefited and was colored not Color 4 but rather Color 1
Node 185 benefited and was colored not Color 4 but rather Color 1
Node 1686 benefited and was colored not Color 5 but rather Color 0
Node 780 benefited and was colored not Color 5 but rather Color 0
Node 482 benefited and was colored not Color 5 but rather Color 0
Node 1952 benefited and was colored not Color 5 but rather Color 0
Node 105 benefited and was colored not Color 5 but rather Color 0
Node 1826 benefited and was colored not Color 5 but rather Color 0
Node 1909 benefited and was colored not Color 5 but rather Color 0
Node 1451 benefited and was colored not Color 5 but rather Color 0
Node 283 benefited and was colored not Color 5 but rather Color 0
Node 1264 benefited and was colored not Color 5 but rather Color 0
Node 1707 benefited and was colored not Color 5 but rather Color 0
Node 744 benefited and was colored not Color 5 but rather Color 0
Node 1060 benefited and was colored not Color 5 but rather Color 0
Node 1897 benefited and was colored not Color 5 but rather Color 1
Node 597 benefited and was colored not Color 5 but rather Color 0
Node 1925 benefited and was colored not Color 5 but rather Color 0
Node 938 benefited and was colored not Color 5 but rather Color 0
Node 1991 benefited and was colored not Color 5 but rather Color 0
Node 384 benefited and was colored not Color 5 but rather Color 0
Node 976 benefited and was colored not Color 5 but rather Color 0
Node 1514 benefited and was colored not Color 5 but rather Color 0
Node 809 benefited and was colored not Color 5 but rather Color 1
Node 497 benefited and was colored not Color 5 but rather Color 0
Node 1912 benefited and was colored not Color 5 but rather Color 0
Node 246 benefited and was colored not Color 5 but rather Color 0
Node 1630 benefited and was colored not Color 5 but rather Color 0
Node 1766 benefited and was colored not Color 5 but rather Color 0
Node 1783 benefited and was colored not Color 5 but rather Color 0
Node 1661 benefited and was colored not Color 5 but rather Color 0
Node 1933 benefited and was colored not Color 5 but rather Color 1
Node 1363 benefited and was colored not Color 5 but rather Color 0
Node 1503 benefited and was colored not Color 5 but rather Color 2
Node 1698 benefited and was colored not Color 5 but rather Color 2
Node 608 benefited and was colored not Color 5 but rather Color 0
Node 723 benefited and was colored not Color 5 but rather Color 1
Node 1013 benefited and was colored not Color 5 but rather Color 0
Node 377 benefited and was colored not Color 5 but rather Color 0
Node 474 benefited and was colored not Color 6 but rather Color 0
Node 264 benefited and was colored not Color 6 but rather Color 0
Node 833 benefited and was colored not Color 6 but rather Color 0
Node 1280 benefited and was colored not Color 6 but rather Color 0
Node 446 benefited and was colored not Color 6 but rather Color 0
Node 1481 benefited and was colored not Color 6 but rather Color 0
Node 551 benefited and was colored not Color 6 but rather Color 0
Node 603 benefited and was colored not Color 6 but rather Color 1
Node 993 benefited and was colored not Color 6 but rather Color 0
Node 1465 benefited and was colored not Color 6 but rather Color 0
Node 494 benefited and was colored not Color 6 but rather Color 0
Node 667 benefited and was colored not Color 6 but rather Color 0
Node 200 benefited and was colored not Color 6 but rather Color 0
Node 845 benefited and was colored not Color 6 but rather Color 0
Node 872 benefited and was colored not Color 6 but rather Color 1
Node 1367 benefited and was colored not Color 6 but rather Color 0
Node 1920 benefited and was colored not Color 6 but rather Color 0
Node 1089 benefited and was colored not Color 6 but rather Color 0
Node 290 benefited and was colored not Color 6 but rather Color 0
Node 326 benefited and was colored not Color 6 but rather Color 0
Node 1739 benefited and was colored not Color 6 but rather Color 0
Node 1457 benefited and was colored not Color 6 but rather Color 0
Node 1492 benefited and was colored not Color 6 but rather Color 0
Node 1617 benefited and was colored not Color 6 but rather Color 0
Node 1620 benefited and was colored not Color 6 but rather Color 0
Node 1125 benefited and was colored not Color 6 but rather Color 0
Node 661 benefited and was colored not Color 6 but rather Color 0
Node 590 benefited and was colored not Color 6 but rather Color 0
Node 1750 benefited and was colored not Color 6 but rather Color 3
Node 1114 benefited and was colored not Color 6 but rather Color 0
Node 1126 benefited and was colored not Color 6 but rather Color 0
Node 1624 benefited and was colored not Color 6 but rather Color 0
Node 974 benefited and was colored not Color 6 but rather Color 1
Node 978 benefited and was colored not Color 7 but rather Color 0
Node 569 benefited and was colored not Color 7 but rather Color 0
Node 1993 benefited and was colored not Color 7 but rather Color 0
Node 621 benefited and was colored not Color 7 but rather Color 0
Node 1716 benefited and was colored not Color 7 but rather Color 0
Node 1791 benefited and was colored not Color 7 but rather Color 0
Node 134 benefited and was colored not Color 7 but rather Color 0
Node 1655 benefited and was colored not Color 7 but rather Color 0
Node 1395 benefited and was colored not Color 7 but rather Color 0
Node 44 benefited and was colored not Color 7 but rather Color 0
Node 732 benefited and was colored not Color 7 but rather Color 0
Node 690 benefited and was colored not Color 7 but rather Color 0
Node 960 benefited and was colored not Color 7 but rather Color 1
Node 1358 benefited and was colored not Color 7 but rather Color 1
Node 530 benefited and was colored not Color 7 but rather Color 1
Node 1320 benefited and was colored not Color 7 but rather Color 0
Node 1460 benefited and was colored not Color 7 but rather Color 0
Node 1194 benefited and was colored not Color 7 but rather Color 0
Node 198 benefited and was colored not Color 7 but rather Color 0
Node 1409 benefited and was colored not Color 7 but rather Color 0
Node 1609 benefited and was colored not Color 7 but rather Color 0
Node 705 benefited and was colored not Color 7 but rather Color 0
Node 1748 benefited and was colored not Color 7 but rather Color 0
Node 1703 benefited and was colored not Color 7 but rather Color 0
Node 1740 benefited and was colored not Color 7 but rather Color 0
Node 567 benefited and was colored not Color 7 but rather Color 0
Node 1819 benefited and was colored not Color 7 but rather Color 0
Node 387 benefited and was colored not Color 7 but rather Color 0
Node 756 benefited and was colored not Color 7 but rather Color 0
Node 1150 benefited and was colored not Color 7 but rather Color 2
Node 1165 benefited and was colored not Color 7 but rather Color 0
Node 1878 benefited and was colored not Color 7 but rather Color 0
Node 218 benefited and was colored not Color 7 but rather Color 0
Node 539 benefited and was colored not Color 7 but rather Color 0

SLI used 7 colors.

Nodes were colored as follows.
Color 0: 1 8 13 19 23 28 30 31 38 43 48 49 51 59 61 63 87 94 95 106
     111 118 133 135 154 155 156 161 168 174 186 194 200 201 207 214 215 218 219 243
     249 258 273 276 290 294 295 296 298 306 322 324 331 332 337 343 346 353 358 359
     362 364 367 371 379 386 387 389 393 397 399 403 404 416 423 428 432 435 441 447
     451 453 460 464 470 494 501 507 517 525 527 539 540 542 550 552 553 558 563 577
     587 602 608 610 614 646 647 650 665 667 674 675 681 688 689 691 696 710 716 719
     725 733 745 754 756 766 774 775 777 779 781 786 792 793 799 800 803 806 812 821
     824 825 833 836 840 842 845 850 860 879 884 892 898 907 913 918 919 928 930 937
     962 968 971 973 985 988 998 1000 1013 1018 1021 1022 1025 1026 1029 1030 1033 1037 1047 1055
     1063 1064 1067 1072 1077 1081 1082 1089 1090 1096 1097 1101 1104 1106 1108 1123 1125 1131 1133 1136
     1139 1142 1145 1162 1165 1168 1185 1187 1188 1205 1219 1226 1227 1233 1234 1237 1240 1241 1245 1262
     1270 1272 1283 1287 1295 1296 1302 1307 1315 1319 1334 1346 1355 1363 1366 1367 1369 1372 1373 1381
     1386 1388 1397 1401 1412 1416 1426 1431 1432 1434 1452 1454 1460 1476 1494 1505 1515 1524 1528 1541
     1543 1553 1555 1573 1582 1585 1586 1590 1592 1600 1608 1622 1625 1633 1635 1640 1642 1645 1648 1652
     1653 1661 1663 1670 1676 1682 1684 1688 1705 1706 1710 1713 1720 1724 1729 1733 1741 1759 1767 1774
     1782 1794 1804 1816 1825 1837 1848 1862 1863 1878 1883 1896 1899 1907 1916 1917 1920 1921 1926 1948
     1949 1957 1961 1965 1969 1977 1980 1981 1983 1988 1992 
Color 1: 3 4 17 18 24 27 46 56 68 76 85 91 98 101 102 103 104 107 108 115
     120 121 138 141 147 159 169 172 176 181 182 184 187 193 195 202 208 210 227 229
     233 234 241 247 261 262 266 267 268 270 289 300 309 310 314 321 326 329 350 355
     363 366 377 385 394 398 410 418 419 431 433 434 437 439 445 448 452 462 467 468
     476 483 486 490 495 496 497 519 528 530 541 549 557 559 584 604 607 615 618 622
     627 634 649 659 660 673 676 678 686 703 704 722 734 735 736 739 744 750 759 761
     763 773 787 791 794 796 797 804 810 817 826 827 828 829 831 835 839 852 853 854
     857 859 878 880 896 902 903 924 925 932 935 936 938 944 958 960 964 974 982 989
     996 999 1001 1004 1012 1019 1023 1024 1027 1028 1032 1034 1041 1043 1051 1065 1070 1075 1078 1088
     1091 1092 1105 1116 1128 1140 1143 1147 1167 1169 1172 1174 1181 1182 1184 1201 1208 1216 1231 1248
     1249 1250 1255 1263 1265 1274 1276 1277 1280 1284 1285 1298 1300 1308 1313 1314 1321 1324 1331 1332
     1338 1341 1354 1356 1357 1358 1361 1368 1375 1378 1379 1382 1385 1389 1390 1398 1399 1405 1414 1420
     1425 1433 1446 1448 1461 1471 1475 1481 1485 1506 1523 1534 1540 1542 1544 1566 1569 1581 1591 1603
     1606 1611 1612 1614 1623 1629 1631 1632 1636 1638 1643 1644 1667 1671 1683 1685 1687 1691 1692 1697
     1698 1700 1707 1709 1714 1723 1730 1731 1736 1745 1750 1755 1757 1772 1775 1780 1784 1795 1807 1813
     1814 1820 1823 1827 1839 1851 1853 1854 1855 1859 1860 1861 1871 1875 1882 1884 1890 1901 1911 1923
     1928 1937 1938 1939 1942 1943 1945 1947 1951 1953 1970 1994 
Color 2: 10 12 21 36 40 41 42 52 54 55 57 62 65 74 79 90 96 113 116 123
     137 139 146 150 152 153 157 185 188 189 190 204 206 209 217 220 224 226 237 244
     246 248 251 255 260 263 281 283 286 291 301 305 307 311 313 317 320 328 341 348
     356 360 370 372 373 380 381 382 388 392 396 402 405 406 408 411 412 414 417 427
     449 455 456 457 459 461 473 475 479 493 505 515 518 520 536 538 568 589 592 597
     598 603 612 617 620 630 631 633 639 643 648 662 685 692 695 698 707 718 720 723
     727 728 740 746 753 757 769 772 778 785 788 801 805 811 813 815 822 841 861 881
     890 895 900 917 921 922 931 939 945 946 948 963 972 975 980 981 987 992 1006 1007
     1010 1011 1014 1016 1036 1045 1053 1056 1057 1058 1068 1074 1079 1085 1094 1098 1110 1115 1117 1120
     1121 1127 1132 1134 1138 1144 1148 1150 1155 1157 1178 1186 1197 1203 1207 1211 1215 1220 1222 1224
     1228 1229 1230 1235 1243 1246 1247 1260 1281 1286 1288 1290 1294 1297 1299 1303 1311 1318 1323 1325
     1328 1335 1348 1350 1370 1387 1404 1411 1437 1439 1445 1449 1456 1462 1473 1479 1483 1487 1488 1490
     1492 1498 1500 1504 1507 1510 1530 1537 1546 1550 1556 1558 1561 1562 1570 1571 1574 1599 1617 1618
     1620 1628 1630 1637 1651 1673 1675 1677 1686 1689 1690 1693 1696 1701 1708 1717 1718 1719 1721 1747
     1749 1752 1763 1773 1785 1787 1796 1799 1802 1809 1818 1824 1838 1843 1856 1873 1879 1880 1891 1892
     1898 1900 1903 1909 1910 1912 1913 1931 1932 1946 1950 1952 1955 1958 1960 1963 1966 1979 1982 1984
     1985 1986 1987 1996 1998 
Color 3: 0 7 15 16 32 35 37 45 80 83 92 93 99 114 126 127 148 162 164 166
     167 170 173 175 178 179 180 198 213 223 231 235 242 252 257 259 265 271 272 275
     277 278 279 288 299 302 303 308 316 318 319 325 336 338 351 354 357 374 378 390
     391 395 413 415 420 422 424 430 438 440 444 454 458 463 471 484 488 489 492 498
     503 506 511 512 521 524 529 533 535 546 547 560 562 566 567 571 582 583 591 600
     626 629 632 635 638 640 644 655 656 663 664 677 679 680 684 687 690 693 702 709
     711 713 726 738 741 764 771 783 790 807 808 809 814 818 820 847 855 863 868 875
     876 882 885 886 887 889 897 899 905 909 910 914 927 941 954 955 959 961 965 979
     1008 1031 1039 1060 1066 1069 1076 1093 1095 1107 1109 1113 1119 1129 1141 1152 1154 1163 1173 1175
     1194 1196 1206 1209 1210 1225 1236 1239 1244 1252 1253 1256 1258 1259 1261 1275 1278 1289 1292 1305
     1306 1320 1326 1327 1333 1343 1344 1345 1349 1351 1380 1391 1403 1409 1413 1427 1435 1440 1444 1450
     1455 1464 1467 1468 1482 1486 1491 1493 1501 1502 1516 1517 1521 1527 1529 1531 1538 1539 1545 1549
     1552 1565 1572 1575 1579 1589 1597 1609 1616 1619 1626 1627 1647 1654 1656 1657 1659 1660 1665 1669
     1678 1694 1703 1712 1715 1740 1748 1754 1758 1760 1761 1762 1764 1765 1777 1779 1792 1806 1815 1819
     1830 1831 1833 1834 1836 1849 1850 1858 1867 1869 1914 1919 1924 1925 1929 1933 1954 1964 1971 1976
     1990 1991 1999 
Color 4: 5 11 14 25 26 33 39 44 47 69 70 73 75 78 81 84 86 88 97 109
     119 122 131 134 136 143 151 160 171 192 199 212 232 236 238 239 240 245 256 264
     269 280 282 284 287 292 297 323 327 334 335 342 345 347 352 368 376 400 401 407
     421 446 469 477 480 491 499 500 504 508 509 510 513 523 531 532 537 543 551 555
     561 564 570 573 575 581 585 586 588 601 606 609 613 616 619 621 628 636 641 645
     657 666 670 699 701 708 714 717 721 749 752 760 762 765 767 768 770 780 782 795
     816 838 843 848 849 856 862 864 865 871 877 888 891 893 904 906 912 920 926 933
     934 942 943 947 950 951 956 957 966 967 976 984 993 1002 1009 1020 1035 1038 1046 1048
     1052 1054 1084 1087 1099 1102 1111 1130 1137 1153 1156 1158 1159 1177 1190 1191 1192 1195 1200 1204
     1214 1223 1264 1271 1273 1293 1301 1304 1310 1339 1340 1342 1347 1359 1360 1376 1383 1384 1395 1402
     1406 1415 1417 1418 1421 1422 1428 1430 1436 1438 1441 1447 1451 1469 1470 1478 1484 1497 1503 1512
     1514 1519 1525 1533 1536 1547 1551 1557 1559 1563 1576 1588 1594 1595 1598 1607 1610 1621 1639 1646
     1649 1650 1699 1702 1716 1727 1734 1735 1742 1753 1766 1768 1771 1781 1788 1789 1790 1791 1793 1798
     1800 1801 1803 1810 1811 1826 1841 1845 1846 1852 1877 1885 1888 1889 1893 1894 1902 1908 1915 1918
     1922 1927 1930 1935 1936 1940 1944 1956 1973 1975 1978 1995 
Color 5: 2 6 9 20 22 34 50 53 58 64 66 67 71 72 77 100 105 110 112 117
     124 125 128 130 132 142 144 145 149 158 177 183 196 203 211 216 222 228 230 250
     254 285 293 304 312 315 333 339 340 344 361 365 369 383 384 409 426 429 436 465
     466 474 478 482 487 502 514 516 522 545 556 565 569 574 578 579 580 590 593 594
     599 605 611 623 624 651 652 653 654 658 661 669 682 683 694 706 715 724 730 731
     742 743 748 751 755 758 776 784 789 798 802 819 823 830 832 837 844 851 858 867
     870 872 874 883 901 908 915 916 923 929 940 949 952 953 969 978 983 994 995 997
     1003 1015 1040 1044 1049 1050 1061 1062 1071 1073 1080 1100 1112 1114 1118 1122 1124 1126 1146 1149
     1166 1170 1171 1179 1180 1183 1212 1217 1232 1238 1251 1257 1267 1268 1291 1317 1329 1336 1352 1353
     1364 1365 1392 1393 1394 1408 1419 1442 1457 1463 1465 1466 1474 1489 1496 1499 1509 1511 1520 1522
     1526 1532 1548 1554 1560 1564 1567 1568 1578 1580 1583 1584 1587 1593 1596 1601 1605 1613 1615 1624
     1634 1641 1658 1662 1666 1672 1679 1680 1681 1695 1711 1722 1725 1726 1728 1737 1739 1743 1746 1769
     1770 1776 1778 1783 1786 1797 1808 1812 1817 1828 1835 1840 1864 1865 1866 1868 1870 1872 1874 1876
     1886 1895 1897 1905 1906 1962 1967 1972 1989 1993 1997 
Color 6: 29 60 82 89 129 140 163 165 191 197 205 221 225 253 274 330 349 375 425 442
     443 450 472 481 485 526 534 544 548 554 572 576 595 596 625 637 642 668 671 672
     697 700 705 712 729 732 737 747 834 846 866 869 873 894 911 970 977 986 990 991
     1005 1017 1042 1059 1083 1086 1103 1135 1151 1160 1161 1164 1176 1189 1193 1198 1199 1202 1213 1218
     1221 1242 1254 1266 1269 1279 1282 1309 1312 1316 1322 1330 1337 1362 1371 1374 1377 1396 1400 1407
     1410 1423 1424 1429 1443 1453 1458 1459 1472 1477 1480 1495 1508 1513 1518 1535 1577 1602 1604 1655
     1664 1668 1674 1704 1732 1738 1744 1751 1756 1805 1821 1822 1829 1832 1842 1844 1847 1857 1881 1887
     1904 1934 1941 1959 1968 1974 
Hit enter to continue.

In RLF method. We print each stage's nodes.
Starting stage 0
First node colored has id 857
526 1011 691 1205 63 1505 1610 1404 868 309 1657 79 1632 151 1666 978 
1106 690 713 1951 1825 25 847 1093 109 1970 1764 361 52 1107 373 573 
422 739 1995 1280 1909 475 182 406 1789 1982 1577 463 1168 1831 1984 248 
888 451 1510 1500 1055 325 1389 163 126 618 316 1946 469 1517 895 1765 
484 1656 635 810 417 1924 1233 1512 229 1118 245 802 420 678 975 371 
1435 1264 1060 1136 141 1047 1590 546 783 1773 1922 1211 1616 435 1933 743 
1444 708 566 498 4 574 799 447 1543 1375 31 1092 786 51 741 432 
268 1066 1462 1259 439 923 1697 907 1786 931 1562 1858 1981 1269 887 1728 
666 1115 1225 26 1348 1293 800 1554 99 196 1441 886 1529 601 556 1799 
1089 1088 342 32 1192 1991 1324 643 1061 1746 1811 607 1971 1170 468 1012 
1826 645 1252 80 329 1925 596 1157 1814 1315 1894 1743 1098 455 942 1391 
1784 1258 935 272 1538 1611 1671 1747 1897 1385 1100 402 565 1149 545 571 
1920 1377 1861 1649 1516 1 1369 1101 811 553 943 1986 489 1242 139 1725 
696 225 761 160 1699 375 687 237 1301 184 638 1249 550 1425 1936 10 
276 934 1226 1334 1607 23 569 1087 1039 1483 1602 997 626 1739 1889 1807 
1317 270 1702 1741 1254 1788 1836 239 287 483 264 1527 649 1864 664 259 
1419 1827 752 1735 729 1659 332 507 1322 154 1004 1817 1440 1975 1418 118 
133 140 280 442 1336 1674 1797 1959 77 152 366 425 421 1144 512 770 
884 964 1074 1584 1199 1358 168 1398 1138 1460 1465 1667 167 1601 1919 1139 
1887 894 0 567 587 637 662 988 1038 1278 1654 1915 1932 1164 1410 672 
104 1756 410 930 1086 1243 1273 1409 1537 1709 1715 1785 1841 161 957 1030 
7 15 203 303 734 838 984 1146 1150 1354 1382 1413 1458 1600 1678 1769 
1878 716 1333 1455 1548 1719 1966 1032 355 824 1585 1948 1896 486 711 1665 
1720 898 1167 
Starting stage 1
First node colored has id 914
185 1296 1575 1459 134 1763 875 1768 727 1796 767 1853 1758 1075 849 1110 
13 1514 1018 39 1619 1868 358 480 282 1343 1603 1838 1265 235 365 1229 
650 1438 1950 1076 1299 1447 1681 1798 791 78 64 588 1628 863 300 1325 
528 1294 1275 400 1361 106 796 728 1606 1708 745 1930 44 764 1771 1793 
1309 170 1378 337 1612 101 1042 1335 948 1286 353 1158 478 870 312 721 
1875 1901 906 778 1045 616 1365 1407 82 1140 1236 861 1223 1186 72 156 
725 48 178 1128 1035 1498 1381 1261 1978 1016 313 1716 1295 1869 753 1710 
1181 1472 1095 413 765 202 937 793 1002 1082 1044 1829 1298 766 1636 676 
724 1672 910 86 511 1399 1387 642 159 1220 754 1944 651 162 1189 584 
81 617 393 1120 424 1557 1519 882 1580 1080 951 854 1456 71 900 1998 
1342 1800 1912 1469 1851 1068 1198 1279 189 1952 1738 190 1224 1757 1787 1917 
1926 1228 1650 1804 773 572 1176 1579 418 613 1883 284 1782 36 1839 1431 
100 1253 180 740 792 1125 1395 1581 217 339 1888 1175 1351 543 1013 446 
1717 1662 602 198 341 893 994 1160 1311 1642 265 1163 423 684 807 889 
1569 1142 1433 1502 1553 848 1587 1775 509 1954 1992 42 1843 208 176 1457 
679 1625 1903 531 627 250 723 1112 1222 735 525 1162 845 921 1145 1179 
877 1905 833 128 1048 66 1962 993 298 437 658 694 816 831 955 1094 
1320 1393 1615 87 505 487 102 125 1583 166 1347 206 795 798 1132 1306 
1370 1648 222 1733 1434 1105 1700 1423 944 1310 192 1755 267 127 385 806 
542 869 897 1190 1316 1515 356 1251 1605 1476 327 331 639 730 756 973 
1129 1134 1283 1927 1940 351 460 632 987 387 846 1033 1143 1850 1906 1421 
111 116 286 612 628 646 670 698 1022 1077 1174 1218 1219 1372 1586 1646 
1848 195 1760 172 579 911 961 1155 1364 1598 1752 1891 1964 737 6 1416 
148 827 998 1025 1695 1900 1854 540 1682 1961 
Starting stage 2
First node colored has id 688
562 757 1466 1972 751 262 839 114 216 1355 1313 62 5 1059 788 157 
1599 1818 1412 1518 386 56 1685 1424 221 665 1237 909 223 90 663 1010 
1417 334 575 55 1428 22 1996 501 1083 1340 1117 1945 242 555 1384 1830 
1437 1520 226 291 1555 269 912 769 1328 1069 105 1356 1871 1592 320 75 
1988 1288 37 232 1571 515 551 1212 1148 1214 1268 771 736 1958 852 919 
1813 1749 1795 1481 1511 1054 1477 67 1487 1188 1040 247 731 450 491 1246 
836 1260 1712 1535 1651 144 17 619 115 787 346 1292 146 283 1463 981 
856 1993 1403 701 122 401 1415 238 305 821 1470 1308 1860 1990 996 1684 
747 201 1359 1618 212 224 1051 1714 1238 1489 953 1036 220 1772 977 1488 
576 1994 363 1980 1567 1938 440 504 456 1692 1360 950 924 514 409 281 
1608 1357 1913 1892 520 477 867 1844 759 193 474 1371 1009 368 1541 539 
1446 1942 1542 389 972 1640 1921 706 1133 1430 1195 641 149 733 920 1406 
1939 1732 143 257 50 258 142 1491 260 990 97 1660 608 187 65 1173 
959 1255 399 510 1057 496 1803 1141 750 350 1828 369 1955 850 307 1626 
979 1240 1508 611 834 1017 1929 594 398 1159 1104 1454 989 1704 1448 392 
1644 1729 1985 278 1941 411 1124 1503 1339 647 1673 876 1902 702 1239 381 
1152 1196 1750 1806 1706 842 1833 388 1323 1748 1056 715 1777 46 173 354 
454 518 789 825 983 1024 1546 1563 1574 1668 1688 1721 1767 70 231 261 
322 683 902 969 1058 1274 1227 21 963 1232 1565 1576 1595 768 873 1776 
1953 8 1122 1745 1683 623 129 135 164 207 302 343 394 598 631 917 
1111 1204 1271 1321 1326 1367 1383 1400 1432 1485 1690 1754 1960 94 1027 310 
675 1506 28 68 145 640 958 1031 1078 1213 1303 1534 1703 1886 1918 165 
1805 492 748 918 999 1635 592 801 1452 1956 
Starting stage 3
First node colored has id 563
271 992 462 197 1802 1624 1439 117 457 1530 709 296 465 705 1014 1501 
818 273 1564 1731 1762 1634 98 372 630 819 674 1414 12 530 874 1819 
311 1846 558 427 1722 453 1046 246 1867 1545 952 1693 927 1467 1247 1742 
1550 360 59 211 776 379 657 785 600 583 899 1071 1135 1881 16 1676 
390 872 1801 686 1234 404 938 1532 378 1863 183 673 1623 885 241 1591 
493 1572 772 1085 1790 1718 1770 155 499 808 205 1244 1005 110 1496 1866 
383 1352 841 328 883 175 438 1934 376 1723 1967 1631 1689 304 467 1184 
835 1401 1824 1573 191 34 150 1368 1873 500 1180 777 681 1976 1169 306 
1670 249 1007 1427 121 1392 92 1443 524 1062 1468 61 136 285 559 1907 
1166 210 403 1053 1154 782 1230 256 1855 1641 1281 472 790 1332 1337 1366 
1536 1201 54 1759 1908 717 986 1879 1677 1026 120 1338 820 20 929 1525 
38 374 174 1153 689 815 1774 1151 744 1482 1241 1753 497 171 345 536 
1001 1373 1568 809 1593 73 1020 1471 668 415 274 814 1898 408 188 1304 
823 866 832 1072 1480 946 1147 1329 1522 1267 1604 1566 253 1820 251 703 
1096 76 1103 1509 794 541 295 179 878 1344 1524 1613 1203 113 137 279 
289 336 348 364 397 412 448 590 599 660 669 775 903 1065 1097 1177 
1187 1217 1386 1475 1533 1556 1620 1701 1766 1821 30 1041 83 107 1540 1707 
995 949 130 962 213 234 1842 357 461 494 508 266 519 537 614 568 
585 621 1209 1647 1276 1737 1000 720 1486 636 380 661 732 860 1194 1445 
1638 1783 1884 1989 1664 1726 712 95 177 204 294 359 367 429 506 560 
634 667 677 779 840 855 922 1081 1206 1221 1266 1270 1411 1478 1523 1629 
1740 1835 1949 1983 589 1165 1200 181 209 1426 
Starting stage 4
First node colored has id 714
35 335 851 985 1686 503 1559 1911 1379 891 244 49 1484 1262 538 24 
445 908 1289 1451 1987 485 1064 169 692 1582 1614 1730 428 1349 464 93 
1589 1235 482 624 414 1003 859 557 1544 620 534 762 1588 1609 549 780 
1687 1161 1639 1380 1791 1037 1021 1123 1182 1285 597 323 1008 577 1156 742 
1705 1885 1277 1658 586 547 1084 324 1596 1652 1126 881 459 965 974 1832 
758 333 1937 1736 805 817 1862 33 707 781 1779 892 1630 1669 671 1816 
1963 879 697 1231 1345 1680 813 926 784 407 347 1023 471 1405 1974 1171 
1549 1947 275 582 1547 648 227 967 314 132 319 18 426 436 297 726 
1973 700 682 695 1979 1350 1880 871 434 1245 655 901 1290 1645 1050 1904 
1464 738 1479 1561 194 1870 1809 502 1507 554 1207 1914 517 40 570 1282 
1202 1531 890 905 1597 11 430 595 940 85 1751 1474 980 338 925 564 
960 1822 915 830 1713 1256 544 1029 1526 1882 1849 1895 199 292 844 318 
812 933 84 1694 352 1341 1724 1663 976 633 1492 622 29 1845 47 1679 
19 45 57 60 96 103 158 215 218 431 444 449 479 513 523 532 
552 591 604 606 652 654 710 746 797 829 837 843 880 936 947 956 
968 970 971 982 1052 1063 1070 1090 1091 1099 1102 1113 1137 1183 1185 1250 
1284 1291 1376 1390 1396 1450 1493 1495 1551 1552 1570 1621 1711 1727 1780 1792 
1794 1812 1823 1840 1857 1872 1890 1899 1931 1957 1969 1999 43 219 255 1422 
301 693 1006 1977 317 1130 521 1307 277 299 330 340 384 488 561 1049 
578 904 
Starting stage 5
First node colored has id 1442
2 3 9 14 27 41 53 58 69 89 91 108 112 123 124 131 
138 147 153 186 200 214 228 230 233 236 240 243 252 254 263 290 
293 308 315 321 326 344 349 362 370 377 382 391 405 416 419 433 
441 443 452 458 466 470 476 481 490 495 516 522 527 529 533 535 
548 580 581 603 605 609 610 615 625 653 656 659 680 685 699 704 
718 719 722 749 755 760 763 774 803 804 822 826 858 862 864 865 
896 913 916 928 932 939 941 945 954 991 1015 1019 1028 1034 1043 1067 
1079 1108 1109 1114 1116 1119 1121 1127 1172 1178 1191 1193 1197 1208 1210 1215 
1216 1248 1257 1263 1272 1287 1297 1300 1302 1305 1312 1314 1318 1319 1327 1330 
1331 1346 1353 1362 1363 1374 1388 1394 1397 1402 1408 1420 1429 1436 1449 1453 
1461 1473 1490 1494 1497 1499 1504 1521 1558 1560 1578 1594 1617 1622 1627 1633 
1637 1643 1653 1655 1675 1691 1696 1698 1734 1744 1761 1778 1808 1810 1815 1834 
1837 1847 1852 1859 1865 1874 1876 1877 1893 1910 1916 1923 1928 1935 1943 1965 
1968 1997 74 88 119 395 396 473 644 853 966 1073 
Starting stage 6
First node colored has id 288
593 629 828 1131 1513 1528 1539 1661 1781 1856 

RLF used 7 colors.

Nodes were colored as follows.
Color 0: 0 1 4 7 10 15 23 25 26 31 32 51 52 63 77 79 80 99 104 109
     118 126 133 139 140 141 151 152 154 160 161 163 167 168 182 184 196 203 225 229
     237 239 245 248 259 264 268 270 272 276 280 287 303 309 316 325 329 332 342 355
     361 366 371 373 375 402 406 410 417 420 421 422 425 432 435 439 442 447 451 455
     463 468 469 475 483 484 486 489 498 507 512 526 545 546 550 553 556 565 566 567
     569 571 573 574 587 596 601 607 618 626 635 637 638 643 645 649 662 664 666 672
     678 687 690 691 696 708 711 713 716 729 734 739 741 743 752 761 770 783 786 799
     800 802 810 811 824 838 847 857 868 884 886 887 888 894 895 898 907 923 930 931
     934 935 942 943 957 964 975 978 984 988 997 1004 1011 1012 1030 1032 1038 1039 1047 1055
     1060 1061 1066 1074 1086 1087 1088 1089 1092 1093 1098 1100 1101 1106 1107 1115 1118 1136 1138 1139
     1144 1146 1149 1150 1157 1164 1167 1168 1170 1192 1199 1205 1211 1225 1226 1233 1242 1243 1249 1252
     1254 1258 1259 1264 1269 1273 1278 1280 1293 1301 1315 1317 1322 1324 1333 1334 1336 1348 1354 1358
     1369 1375 1377 1382 1385 1389 1391 1398 1404 1409 1410 1413 1418 1419 1425 1435 1440 1441 1444 1455
     1458 1460 1462 1465 1483 1500 1505 1510 1512 1516 1517 1527 1529 1537 1538 1543 1548 1554 1562 1577
     1584 1585 1590 1600 1601 1602 1607 1610 1611 1616 1632 1649 1654 1656 1657 1659 1665 1666 1667 1671
     1674 1678 1697 1699 1702 1709 1715 1719 1720 1725 1728 1735 1739 1741 1743 1746 1747 1756 1764 1765
     1769 1773 1784 1785 1786 1788 1789 1797 1799 1807 1811 1814 1817 1825 1826 1827 1831 1836 1841 1858
     1861 1864 1878 1887 1889 1894 1896 1897 1909 1915 1919 1920 1922 1924 1925 1932 1933 1936 1946 1948
     1951 1959 1966 1970 1971 1975 1981 1982 1984 1986 1991 1995 
Color 1: 6 13 36 39 42 44 48 64 66 71 72 78 81 82 86 87 100 101 102 106
     111 116 125 127 128 134 148 156 159 162 166 170 172 176 178 180 185 189 190 192
     195 198 202 206 208 217 222 235 250 265 267 282 284 286 298 300 312 313 327 331
     337 339 341 351 353 356 358 365 385 387 393 400 413 418 423 424 437 446 460 478
     480 487 505 509 511 525 528 531 540 542 543 572 579 584 588 602 612 613 616 617
     627 628 632 639 642 646 650 651 658 670 676 679 684 694 698 721 723 724 725 727
     728 730 735 737 740 745 753 754 756 764 765 766 767 773 778 791 792 793 795 796
     798 806 807 816 827 831 833 845 846 848 849 854 861 863 869 870 875 877 882 889
     893 897 900 906 910 911 914 921 937 944 948 951 955 961 973 987 993 994 998 1002
     1013 1016 1018 1022 1025 1033 1035 1042 1044 1045 1048 1068 1075 1076 1077 1080 1082 1094 1095 1105
     1110 1112 1120 1125 1128 1129 1132 1134 1140 1142 1143 1145 1155 1158 1160 1162 1163 1174 1175 1176
     1179 1181 1186 1189 1190 1198 1218 1219 1220 1222 1223 1224 1228 1229 1236 1251 1253 1261 1265 1275
     1279 1283 1286 1294 1295 1296 1298 1299 1306 1309 1310 1311 1316 1320 1325 1335 1342 1343 1347 1351
     1361 1364 1365 1370 1372 1378 1381 1387 1393 1395 1399 1407 1416 1421 1423 1431 1433 1434 1438 1447
     1456 1457 1459 1469 1472 1476 1498 1502 1514 1515 1519 1553 1557 1569 1575 1579 1580 1581 1583 1586
     1587 1598 1603 1605 1606 1612 1615 1619 1625 1628 1636 1642 1646 1648 1650 1662 1672 1681 1682 1695
     1700 1708 1710 1716 1717 1733 1738 1752 1755 1757 1758 1760 1763 1768 1771 1775 1782 1787 1793 1796
     1798 1800 1804 1829 1838 1839 1843 1848 1850 1851 1853 1854 1868 1869 1875 1883 1888 1891 1900 1901
     1903 1905 1906 1912 1917 1926 1927 1930 1940 1944 1950 1952 1954 1961 1962 1964 1978 1992 1998 
Color 2: 5 8 17 21 22 28 37 46 50 55 56 62 65 67 68 70 75 90 94 97
     105 114 115 122 129 135 142 143 144 145 146 149 157 164 165 173 187 193 201 207
     212 216 220 221 223 224 226 231 232 238 242 247 257 258 260 261 262 269 278 281
     283 291 302 305 307 310 320 322 334 343 346 350 354 363 368 369 381 386 388 389
     392 394 398 399 401 409 411 440 450 454 456 474 477 491 492 496 501 504 510 514
     515 518 520 539 551 555 562 575 576 592 594 598 608 611 619 623 631 640 641 647
     663 665 675 683 688 701 702 706 715 731 733 736 747 748 750 751 757 759 768 769
     771 787 788 789 801 821 825 834 836 839 842 850 852 856 867 873 876 902 909 912
     917 918 919 920 924 950 953 958 959 963 969 972 977 979 981 983 989 990 996 999
     1009 1010 1017 1024 1027 1031 1036 1040 1051 1054 1056 1057 1058 1059 1069 1078 1083 1104 1111 1117
     1122 1124 1133 1141 1148 1152 1159 1173 1188 1195 1196 1204 1212 1213 1214 1227 1232 1237 1238 1239
     1240 1246 1255 1260 1268 1271 1274 1288 1292 1303 1308 1313 1321 1323 1326 1328 1339 1340 1355 1356
     1357 1359 1360 1367 1371 1383 1384 1400 1403 1406 1412 1415 1417 1424 1428 1430 1432 1437 1446 1448
     1452 1454 1463 1466 1470 1477 1481 1485 1487 1488 1489 1491 1503 1506 1508 1511 1518 1520 1534 1535
     1541 1542 1546 1555 1563 1565 1567 1571 1574 1576 1592 1595 1599 1608 1618 1626 1635 1640 1644 1651
     1660 1668 1673 1683 1684 1685 1688 1690 1692 1703 1704 1706 1712 1714 1721 1729 1732 1745 1748 1749
     1750 1754 1767 1772 1776 1777 1795 1803 1805 1806 1813 1818 1828 1830 1833 1844 1860 1871 1886 1892
     1902 1913 1918 1921 1929 1938 1939 1941 1942 1945 1953 1955 1956 1958 1960 1972 1980 1985 1988 1990
     1993 1994 1996 
Color 3: 12 16 20 30 34 38 54 59 61 73 76 83 92 95 98 107 110 113 117 120
     121 130 136 137 150 155 171 174 175 177 179 181 183 188 191 197 204 205 209 210
     211 213 234 241 246 249 251 253 256 266 271 273 274 279 285 289 294 295 296 304
     306 311 328 336 345 348 357 359 360 364 367 372 374 376 378 379 380 383 390 397
     403 404 408 412 415 427 429 438 448 453 457 461 462 465 467 472 493 494 497 499
     500 506 508 519 524 530 536 537 541 558 559 560 563 568 583 585 589 590 599 600
     614 621 630 634 636 657 660 661 667 668 669 673 674 677 681 686 689 703 705 709
     712 717 720 732 744 772 775 776 777 779 782 785 790 794 808 809 814 815 818 819
     820 823 832 835 840 841 855 860 866 872 874 878 883 885 899 903 922 927 929 938
     946 949 952 962 986 992 995 1000 1001 1005 1007 1014 1020 1026 1041 1046 1053 1062 1065 1071
     1072 1081 1085 1096 1097 1103 1135 1147 1151 1153 1154 1165 1166 1169 1177 1180 1184 1187 1194 1200
     1201 1203 1206 1209 1217 1221 1230 1234 1241 1244 1247 1266 1267 1270 1276 1281 1304 1329 1332 1337
     1338 1344 1352 1366 1368 1373 1386 1392 1401 1411 1414 1426 1427 1439 1443 1445 1467 1468 1471 1475
     1478 1480 1482 1486 1496 1501 1509 1522 1523 1524 1525 1530 1532 1533 1536 1540 1545 1550 1556 1564
     1566 1568 1572 1573 1591 1593 1604 1613 1620 1623 1624 1629 1631 1634 1638 1641 1647 1664 1670 1676
     1677 1689 1693 1701 1707 1718 1722 1723 1726 1731 1737 1740 1742 1753 1759 1762 1766 1770 1774 1783
     1790 1801 1802 1819 1820 1821 1824 1835 1842 1846 1855 1863 1866 1867 1873 1879 1881 1884 1898 1907
     1908 1934 1949 1967 1976 1983 1989 
Color 4: 11 18 19 24 29 33 35 40 43 45 47 49 57 60 84 85 93 96 103 132
     158 169 194 199 215 218 219 227 244 255 275 277 292 297 299 301 314 317 318 319
     323 324 330 333 335 338 340 347 352 384 407 414 426 428 430 431 434 436 444 445
     449 459 464 471 479 482 485 488 502 503 513 517 521 523 532 534 538 544 547 549
     552 554 557 561 564 570 577 578 582 586 591 595 597 604 606 620 622 624 633 648
     652 654 655 671 682 692 693 695 697 700 707 710 714 726 738 742 746 758 762 780
     781 784 797 805 812 813 817 829 830 837 843 844 851 859 871 879 880 881 890 891
     892 901 904 905 908 915 925 926 933 936 940 947 956 960 965 967 968 970 971 974
     976 980 982 985 1003 1006 1008 1021 1023 1029 1037 1049 1050 1052 1063 1064 1070 1084 1090 1091
     1099 1102 1113 1123 1126 1130 1137 1156 1161 1171 1182 1183 1185 1202 1207 1231 1235 1245 1250 1256
     1262 1277 1282 1284 1285 1289 1290 1291 1307 1341 1345 1349 1350 1376 1379 1380 1390 1396 1405 1422
     1450 1451 1464 1474 1479 1484 1492 1493 1495 1507 1526 1531 1544 1547 1549 1551 1552 1559 1561 1570
     1582 1588 1589 1596 1597 1609 1614 1621 1630 1639 1645 1652 1658 1663 1669 1679 1680 1686 1687 1694
     1705 1711 1713 1724 1727 1730 1736 1751 1779 1780 1791 1792 1794 1809 1812 1816 1822 1823 1832 1840
     1845 1849 1857 1862 1870 1872 1880 1882 1885 1890 1895 1899 1904 1911 1914 1931 1937 1947 1957 1963
     1969 1973 1974 1977 1979 1987 1999 
Color 5: 2 3 9 14 27 41 53 58 69 74 88 89 91 108 112 119 123 124 131 138
     147 153 186 200 214 228 230 233 236 240 243 252 254 263 290 293 308 315 321 326
     344 349 362 370 377 382 391 395 396 405 416 419 433 441 443 452 458 466 470 473
     476 481 490 495 516 522 527 529 533 535 548 580 581 603 605 609 610 615 625 644
     653 656 659 680 685 699 704 718 719 722 749 755 760 763 774 803 804 822 826 853
     858 862 864 865 896 913 916 928 932 939 941 945 954 966 991 1015 1019 1028 1034 1043
     1067 1073 1079 1108 1109 1114 1116 1119 1121 1127 1172 1178 1191 1193 1197 1208 1210 1215 1216 1248
     1257 1263 1272 1287 1297 1300 1302 1305 1312 1314 1318 1319 1327 1330 1331 1346 1353 1362 1363 1374
     1388 1394 1397 1402 1408 1420 1429 1436 1442 1449 1453 1461 1473 1490 1494 1497 1499 1504 1521 1558
     1560 1578 1594 1617 1622 1627 1633 1637 1643 1653 1655 1675 1691 1696 1698 1734 1744 1761 1778 1808
     1810 1815 1834 1837 1847 1852 1859 1865 1874 1876 1877 1893 1910 1916 1923 1928 1935 1943 1965 1968
     1997 
Color 6: 288 593 629 828 1131 1513 1528 1539 1661 1781 1856 
